mu sigma
3.126240874364703 4.006495132909195
2.8990839891975377 3.8872760923016236
3.024553126953374 4.087391082150912
2.821892575480992 4.0688773422076245
3.0016966979630917 4.094993767343963
2.8571006260758196 4.085046489144979
3.082794774932453 4.017394590060464
2.8006378361240154 3.959420301860022
3.0551966643128967 3.9345719141632047
2.919001570097896 3.89474950846675
3.021846974456446 3.915358396250605
2.8398639051217813 4.065361410573591
2.832911965474236 4.054544501855684
2.8821651009917493 4.080493223951748
2.888189782015486 3.9112079428465787
2.8728989650238406 3.917191343685156
2.82814059067888 3.9479508408159236
2.9848054813609135 3.911941841718203
3.06305838307296 3.982078894812421
3.0521781274230833 4.034440554291361
2.8969816151151475 4.080058733085993
3.0141279684160005 3.927361680636719
3.046106983468051 3.954716921111437
2.8447704642367526 4.053131682457887
2.8260374541787723 4.032081387522832
3.0302982496755075 4.052981633695964
3.0570351281232933 4.015701960240415
2.8252011852763697 4.029229471098898
2.9659366368894386 3.9126645148269428
2.8736538327600556 4.068547182924905
2.8215573437184682 3.9758875357168657
3.05638088678381 4.008286385121713
3.0560416105003667 3.984432209163114
3.048179545321987 4.028366654360271
2.859555426240537 3.9334682666445824
3.0348770447509676 4.043131088994605
2.837543797839515 4.039331720687641
2.829548453146594 4.025382512624032
2.896175507978212 3.9198499844324006
2.83036341007574 4.026450614039233
2.8352331703491633 4.033673571069027
2.9890933535884434 3.9239621390238923
3.0030007875478963 4.062229148051222
3.0497660947373113 3.9852439561864044
2.9900723336758634 3.9254165479661767
2.841142401245417 3.9554175364591537
2.826623929063431 3.9844614755824543
2.9656623870430905 4.072947016498192
2.8537952563840614 4.0479038256272935
2.8376272650996572 4.030325809710923
2.8743735032034357 4.060639749925755
2.9052850130901686 4.071099232494724
2.847901807733337 3.9502952239362834
2.9731276795113293 3.9219932931768087
2.9759260341674727 4.069214697252052
3.003875647365446 3.934119553408247
3.0470398295219536 3.994407620760651
2.858375308927401 3.943028597545695
2.9066394672235902 4.069874577607556
3.046141211565681 3.9895910803802686
3.025224453940873 4.041726114099051
2.992085766158796 4.062478750248755
2.8317384703834088 4.011990430156896
2.9059249462911745 4.068930132421058
3.044885734310348 4.006109817963294
3.040909125926598 4.018504949146704
2.964460059262719 3.922064886188204
2.8983088242436033 3.925054637385909
2.8741742978645703 4.0570071685715545
2.853347247221544 4.042728005381161
2.985802312019699 4.063584807737907
3.0439925017496563 3.986883864741752
2.830862072384239 3.994615679254157
2.833377841156688 4.012456121706114
2.999619571421083 4.057333509379168
3.02135083360141 3.9495752852622394
2.833244536771292 4.008358779051938
2.8591634439165334 4.045380966635976
2.8420475169466592 4.026761051235233
2.9467085821425796 3.9222811486881133
2.9837044046260024 3.929763223405904
3.0379087932891125 4.016358640289309
3.026494318120539 4.0343231613532735
2.9909359607376307 3.9331673015694517
2.908872029279908 4.065780401345796
3.0230140596644524 3.9549982555913976
2.876838273090651 4.054342454727994
2.877383175808817 4.054438206926557
2.98980777997416 4.058289241371352
3.0365283751787606 3.976745765928595
2.835769699977297 3.9908470675809484
2.8471153621795193 4.029393088246442
3.0313952774793513 3.966888476006076
2.88025178652617 3.936146226885136
3.0002259425575546 4.053081640070438
3.0398112763247704 4.000244877673298
3.0340209145492842 3.9718708285170794
2.8390663601772648 3.97781816956675
2.8424850036999016 3.9703548885991897
2.9886372447854685 3.933358885827813
2.9619280699634967 4.065827489308418
3.035317723638588 3.9750139749362914
3.0163931555634487 4.041205358898406
3.035967940381783 4.013899524545692
3.038734903182525 3.9894097665753607
2.969787296749569 4.063793448782828
2.852012008947558 3.9582772072320163
2.9995312763461843 3.939418986336002
2.8843600249552996 3.935475848556597
3.0339349261172437 3.9750878151133273
2.8423888354088223 3.973884333134219
2.909081598835381 3.9279245752479226
3.0317942637473685 4.019006862608217
2.8408046557042157 3.9807962441771476
2.840973893909593 3.980505481072335
2.8694758595917764 4.0466882475259
2.8399711090942925 4.006922848651323
3.0010765529602135 3.9420247170277123
2.8616585110448063 3.951349800130913
3.0151165365421373 4.039216943614318
2.8629209776274767 4.041245799444266
2.9509124362725943 3.926609995945558
2.937492688197034 3.926056021985114
3.0056991294114397 4.046048921140063
2.922593894768371 3.9271043801335335
3.031279432573841 4.016819951835192
2.84789764805464 3.96823669136242
2.9841083630306313 4.056693745531955
2.9589692519453283 3.9282289310328
2.941022075590057 4.064736243575588
2.9315836855406525 3.926861189767438
2.972006390259445 3.9312863005839205
2.942196742769812 4.064331482025412
2.9030369795564868 4.059808346929657
2.852047956789007 3.963660513130361
2.946857068809093 4.063934247063937
2.940724986118062 3.927289873535518
2.9791747768646095 3.933885617174841
3.0224353837585887 4.02883034765628
2.8452289818931886 3.976303468577616
2.8415862497719675 3.989944366693134
2.868332886622917 3.948331591616733
2.966320568749487 3.9307796631030527
3.0294996489055563 3.97552164257094
3.0050255968304818 3.9472774855586454
2.9457009447864806 4.063281269841461
2.9941198470699675 3.940885763547024
2.8610509761491083 4.036357953677467
2.8632997286628683 4.038248438111397
2.8951944755059618 4.056203397743894
2.862525017579399 3.9547002462461363
2.930483186804877 4.062304287655892
2.8466934617261224 4.013714688718262
2.899545309601656 4.05679708198609
3.026768653267059 3.9732457793125664
3.012229376905404 4.0368984328357715
2.8928128440255687 4.054165435205993
2.843989771664325 3.9905140922424795
3.0078412941477723 4.040119185527039
2.8586193045034003 3.9603712380397216
2.907898267501323 3.9331014099799786
2.859954849438622 3.959322617207544
2.8515465857971285 4.020471644004752
2.8467071772492054 4.008755819268509
2.9103448848668574 4.05832188211795
2.8848581626950405 3.941867963245161
2.8565535295468263 3.964236271314684
3.0067103938148385 4.039465242032865
2.846251619805074 3.9859579816889616
2.9088123147024714 3.9336450583167935
2.9930945261427273 4.047850916995085
3.0290522911746667 4.0048631073601175
2.9454594038879605 4.0604343041228965
2.861499547671464 3.9595545040808355
2.8894265497540275 3.9404816938639198
2.9328739226637297 4.060365624552286
3.0193027686346623 4.0255168671945585
2.8997321066327046 3.9365823819242434
2.867047202849794 3.9545115251031415
2.8587700696209795 3.9631716315389824
2.852828181009927 4.01927825416667
2.865607174073727 3.9564008297599154
2.98282358346993 4.051538174753276
2.8708811829230854 4.039228460739637
2.979613556504525 3.9384746048344295
2.9899166101912176 3.943069144654266
2.8513328115379286 3.9763552363517314
2.92098530201287 4.058491050636926
3.021293795823785 4.020420255881312
2.9763813735540925 3.937700096915732
3.0271010861021623 3.9855810453488916
3.0265949032061537 3.9839103908970057
3.0236462938080306 4.01458066164405
3.0276791294768968 3.9963299469948788
2.942569991148459 3.9321142279039485
2.8489228174789094 3.987754152508127
2.855896286635935 3.970573482781869
2.9302735844902976 3.932699856393782
2.9695814742289977 3.936687100973405
3.026807328050776 3.9928585363937557
2.876974585074161 3.9495799712956003
2.857332577270565 4.022496759801094
2.855433676199033 4.019268066323663
2.990680286052126 4.04606112013068
2.851050033962786 3.982210250940785
3.0263755421160554 3.9913855833335328
2.8539494295867596 3.975140088996797
2.8605436111581266 4.0263960316611005
2.9826716411409526 4.04963240167277
2.9472275330440496 3.9332391679392225
2.8604337405235967 3.965163321993057
2.9284966608839165 3.9332636206134204
2.9463707143626223 3.933274336011812
3.0247040464266615 3.9841868367982487
2.9983328540912693 4.041029035996792
2.997995078945579 4.041200237427848
3.0003005894189965 4.039622992057864
2.9692669920927957 4.053736101291545
2.898929708447901 4.051395651187884
2.9021059388634547 3.938734005844288
2.8501550630313846 4.000193096533848
2.995119598628765 4.042620965696865
2.8683605421653766 3.957604363952208
2.906323514021607 4.053466704763537
3.0185500618581513 4.019882336784169
2.8507551789282988 3.9887861137207175
3.0248085616116094 4.00249091876759
2.9058894235444965 3.937964220374053
2.9338003810144158 4.057224251878865
3.005986538903775 4.034011508998284
2.926985168899413 3.934339353461848
3.0148276155442097 4.024432826585787
3.0042408619660144 4.035429536483452
2.9617315452852644 4.0546648480998595
2.8984078647219356 3.940679616405017
2.9118442712873147 3.936921906422086
2.8785881564674924 3.9507117371279725
2.949684103163785 3.9347544392997658
2.9537319087089364 3.935257425428717
2.8674351012391734 3.9598755521848
2.856183165567096 3.9752518500294443
2.9807653623615975 3.942397724427487
2.9187479877221905 4.055047975955964
2.866083162607646 4.029572811279173
2.9415980788544522 3.9345217258502094
3.01757512874754 4.0188534474828606
3.014282842769664 3.967364355235505
3.002766838179189 3.955560671319618
2.9379808335624786 4.056384162708317
2.998880254183416 4.038408126069443
2.8792505993663564 4.040122553259452
2.8978774860873866 3.9416472479683295
2.875983549877085 4.037778245545153
2.9043472034486237 4.051465849924901
2.97775927134164 4.049256234249733
2.8582162364555517 3.9728974248593523
2.9963147168661775 3.951213621073679
2.9566206460409705 3.936440169405288
3.018587169166035 4.015512031416721
3.011639485517681 4.026045973600821
2.852497095157565 3.9924363789565303
2.853655440166329 4.004987869519654
3.022862858505227 3.9932664921239702
2.9756854099032424 3.9417317214542797
2.8824200997264633 3.9499976691565286
3.0112207952134296 4.02571502415344
2.948816511283513 4.054903668958415
2.8780381649655586 3.9530030096587976
2.8660418774043466 3.9636346548332346
2.853045241569995 3.99673757926628
3.0047775131610015 3.9589735209397525
2.9882204395968786 3.947494079972297
2.853376660207087 3.996855945586643
2.901400415706216 4.049341280505262
2.9221841046240815 4.054066974665334
2.987386034505602 3.947345086990541
2.988129291196042 4.043239707251761
2.8898297362763046 4.044295806389519
2.933217341377308 4.054772026916365
2.856175794320832 4.0091958803124195
2.863034874043377 4.0223536647583815
2.8941389097806196 3.9449315266200946
2.9089411035509882 4.051036684318527
2.9386283940034543 4.054642992229988
2.855650564692151 4.007031926989393
3.0180428205177803 3.978841958122019
3.0204301843964414 3.9863547434826896
2.871262295131434 4.031324548296011
2.855008163043278 4.003324297565076
2.8740256229620726 4.0336130760306075
2.961161908522805 3.9387763023995204
2.8929257508076374 3.945724765278724
2.896474320232773 4.046540070507026
2.8589221649623915 4.014314990325609
2.855656017263692 4.004480742774018
3.0146701992069684 4.017864997359114
2.975872468690252 4.047661851246379
3.020515106443042 4.001041530558448
3.020721779408906 3.9988251905239918
2.8617074251457275 4.018982623050001
2.9721300509014785 3.9420704384653904
2.8711593446526438 3.96066861941005
2.8884854323189812 3.9484182881500436
2.9227197505864844 3.937877453110656
3.0204569149827956 3.993506810511602
3.011438219375178 4.022096811790949
3.0020115228695476 4.032296901131148
2.917214115590951 3.9388563598831636
2.908521075819362 3.9408709927848653
2.8703899104584374 4.029097452689962
3.0093729292680242 3.966539279919904
2.8556289165288247 4.000327287686639
2.9866961800661427 3.948541013845867
3.0132052008983647 4.019055250370975
2.882295637370673 3.952460327711921
2.870143353251913 3.9623656544364803
2.9503138855880087 4.0529222295309
2.8581951946319144 3.9810828403247003
3.0181106184837034 3.983778916002178
2.9224550879112177 3.938506622317108
2.8629304647284144 3.972238325982273
2.9850154320086593 3.948224851442477
2.8571879696099085 4.005130571724862
2.993381115476172 4.037855084819418
2.9079852717658268 3.9416885501285863
2.9886517532837207 4.040536178751878
2.896301893059319 4.0450496556716224
2.9097249585081557 4.049495681022502
3.0063369886553435 4.026592246890842
3.0180583052953547 4.0052646859963925
3.010598346329563 3.9699858559233747
2.858837735858974 4.0087353855116685
2.956686316279742 3.93962731947937
3.004842254863483 3.9632556403709174
3.0119608452825055 4.018606933247123
2.956245470228523 4.051174475524341
2.8754303231805745 4.0319529780202155
2.9683916511160824 3.94242115578775
3.009283650232799 4.022270590826613
2.9974983686515557 4.034035031036266
2.914874305865076 3.9406048430371636
2.983305305903875 4.0425805083344155
3.0121174203746746 3.9732122163941956
3.0092885542766465 3.9689951452377175
2.8589144528806814 4.007449834095985
2.8821338605543616 4.0366123722205245
3.017383611309473 3.986933726172494
2.8939290577204293 4.043010939017679
2.8619057235170886 3.976956802541331
2.8979624737894727 4.044622765640359
2.99166717711983 3.9535095591372027
2.8653228058906643 3.9716285674118215
2.984389209122948 3.9495102033758602
2.9646268004439076 3.9421622577824156
2.905655745241406 4.047105518060786
2.9747001264626998 3.945289572588939
2.8617079473492564 4.012370550044648
2.938299329681678 4.051716154903573
2.8583780299338395 3.9999622910369057
2.9539858682840063 4.05053138794035
2.988495423212014 3.9519569675650357
2.8855495812683434 3.9529044715591715
2.8839320152614794 4.036880396140946
2.9240305324766775 3.9399486404087596
2.983093468269358 3.949152099060563
3.0161772748046136 3.9859016535640186
2.882356799754395 4.0356698156772355
2.8588173493371487 3.990558422131836
3.013713569573701 3.9793008145471824
2.9531236609497884 4.050351410701292
3.0066953614922043 4.023110166183126
2.926543970123257 4.050795899480732
2.8717581155590044 4.026273316978815
2.864000433087922 4.0155833989129235
2.921020446781564 4.050006388336045
3.0016762419689207 4.028301885519414
2.89043505766579 3.950725982551906
2.880471098491334 4.033741774243371
2.862395315141023 4.011646922099679
2.9415085108748675 3.939687633252018
2.863206603218324 3.9776054749701544
2.953396019645261 3.940775920076554
2.8826126099553475 3.955759355102377
2.9844438987880197 4.040099707214692
2.865981820097222 3.973153917363219
2.9268331538671215 4.050265954188456
2.897291853249173 3.9479186839435467
2.8886942081705587 4.038595178619428
3.013893535965273 3.9826706243635215
2.8610863675125957 4.006200122321861
2.977463340259971 3.9477084441182937
2.9415544327026777 4.050524269729859
2.8849071834064635 4.036054048339285
3.0124716331171317 3.9792474905088895
2.8939614719689812 3.9496863862690343
2.9048937322021704 3.9453844492499224
2.9261148601504323 4.049827934949293
2.9905992355662376 3.954869820508904
2.9404371923522614 4.050363623804149
2.9619895365506506 4.0476656178712025
2.8723922734229674 4.025174076093735
2.926741087448052 3.9409389992841337
3.0041448363842527 3.9668260481935076
2.986750671647411 3.9527233083112794
3.015342442002723 3.992102474152208
2.8610081874487165 4.003317195606394
2.9066885073563418 3.9451158228298002
2.9426039338875003 4.050056176746638
2.9425892822287776 3.940691551113529
3.0128004989838555 3.9819773959209033
2.872642005671869 4.024876203216061
2.960948252766671 4.047469543150724
2.8638552916338176 4.01107035278001
2.92710126737449 4.049350622678041
2.9836121332160337 4.0392209991377745
2.9452986839333355 3.941201434419156
2.863964713484495 4.010496287872276
2.8681586990784913 4.018359079497745
3.0064412492848898 4.019731403979739
2.8996882217237383 3.948242333336798
2.920891576964646 4.048218102187166
2.954936331545634 4.048131723652326
2.895738725162196 3.9500862743426657
3.0068879669233954 3.972094687762925
2.9178710397849694 4.047581531317448
2.893879236999454 4.039667266403843
2.894137164280261 4.039790155197118
2.8792788878197655 3.9605285370832894
3.01112439145874 4.010820604779726
3.0035356929888826 3.967845110747078
2.9689688795767033 4.044641114945577
2.934609048976288 4.049228737511013
2.976817873690871 4.041722989049984
2.8700493750810563 4.020213071624684
2.9893603919912355 4.035045725872246
2.862101002274074 3.989498878220139
2.8661690776975246 4.013642508729997
2.961591157052848 4.046402395800223
2.866873578023243 3.9761546485589196
2.8798956248883254 3.960666829314654
2.8626148837157563 3.9882304289203283
2.878616517931532 3.961861035071452
3.0085003181305514 3.9760972017561125
3.0135381340390612 3.9965526973550958
2.863136290527921 4.004338393731443
2.954611678612769 4.0474973389126685
2.9471967442588145 4.04840634735541
2.9266364842217643 3.94239487888697
2.9318942478745575 4.048595500166118
2.9025456389053534 4.042599118388435
3.000116229679883 4.025587710992861
2.8693567243304194 4.017893445863985
2.8802698680013883 3.9608159520128665
2.9589874913151433 3.944159718107319
2.881807984321063 3.959735457113163
3.008084061359897 3.9764820051767718
2.8781083417985793 4.0274592116896475
3.0126502931863657 3.9985767090573123
2.8848726597575247 3.9579405166167527
2.8986184532273986 4.040363616075313
3.0125395629057965 3.9958559729386085
2.914891483150784 4.045527413368495
2.86327650339509 3.9941277069237224
2.865243186552289 3.9833563173718267
2.9974517952214024 3.9638896334960676
3.0118885167470566 4.000242426046147
2.9169766992988166 3.9447867557323746
2.87354836929445 3.968892899521278
2.919931891612614 4.046314404947916
2.8919331658058196 4.036687665532987
2.9125018911046667 3.9458926211089644
2.9874744810603597 4.034306275970947
2.8853953806349035 4.03242967973687
2.8731765821877504 4.020932783331622
2.938392695525793 4.047629461869461
2.865631979619015 3.9837971467811437
2.971006191786498 4.042001629857539
2.922516069937388 4.046421150533075
2.9684705601740813 4.042851683209959
2.896480435475044 3.951966154627401
3.0084153985862976 4.010767514315844
2.954548180850382 3.944447404132312
2.9677352667453114 3.9476312630586325
2.93839081787028 3.943202164255828
2.9949933749950985 4.028102802349956
3.009205298820637 4.007984668243315
2.911191403951812 4.043793566978483
2.9956576720861694 3.963285219396197
2.9652137774753817 3.947119425175418
2.9885997271319042 3.9578570238494337
2.9159595012104678 4.044799922392453
2.982428542702113 4.036453500872968
2.9088010702144205 4.042898951060359
2.9331146963554406 3.9435329679338436
2.864659104902141 3.9925367871580173
3.0097282719657152 4.005184899959949
2.961102128651084 3.946170334713215
3.0076047705372306 3.9797443408710764
2.8854253190471466 3.9591511146182863
2.946443395666232 4.046655733867378
2.982424111437456 4.036327349224125
3.0091037375932665 3.9840297936085194
2.960469808945707 3.946144957967628
2.9066885256906865 3.948559015042078
3.0080182012454957 3.981323175601821
2.9144507025843245 4.044124859622512
2.9480821924576404 4.046311900711712
2.91581277505823 3.9461126831274287
2.991669304149816 3.960601180806062
3.0071795610087424 4.011044801992424
2.8858040698456677 3.959354957907872
2.954529953356659 4.045242320778345
3.0095062683731175 4.003424803162549
2.9771898634646785 4.038408458697137
2.9876974822159488 4.032556216526107
2.9570736035551977 3.9457995965758634
2.962588914191028 3.9470790022122793
2.906271176406929 3.9491760186511486
2.885105744843239 4.030417072274047
2.894486776641167 3.954320301899295
2.9876863843353405 3.9582607835361983
2.9906886699155666 3.960418455640045
2.869921715968413 3.9777087225186945
2.9826447409688783 4.035407942021349
2.9634266803955556 4.0430751948988854
2.944104816744859 4.046148120178147
2.8925124224997485 4.035091038399741
3.0009453529815096 4.020152604622672
2.9750511789203733 4.0390352613579745
3.006689187460194 3.980023772776571
2.9144590617035697 4.04354043276039
2.9314630506360198 4.046035115174093
2.9385831563793117 3.944282778429219
2.8911197502584782 3.956570720991272
2.8755962744001824 4.020738928179142
3.0085621025139915 4.003931906731179
3.0095242183755495 3.997465212747579
2.9216627241739146 4.044632675456624
2.990767213707148 4.029427858998066
2.907271667641523 3.949433448290649
3.00787305980943 4.005700015724416
2.936996344904946 4.045838908364283
2.9126994935589594 4.042442653037525
2.9840973873134873 4.03362147946946
2.959366194087414 4.0432699226066475
2.9847197109683576 4.033189071992932
3.0061506308783414 3.9811452194421237
2.9933820889187563 4.026641426334708
3.0035696573259534 3.976532895847832
2.8826641738893564 3.963768438939695
2.963748755383642 4.04185241223872
2.878069687508048 4.022144812372066
2.9250300587929843 4.044405742443631
2.903828757182985 3.951455149424399
2.8739951504487156 3.97389438422451
2.9982635702567126 4.020930522030079
2.9018931863276514 3.9523941313062574
2.9088649060109266 3.9498261049702252
2.97962678913445 3.955184344122501
3.0073129705839956 4.003280904040882
2.9891652674488265 3.961213810880383
3.00472235637654 3.9799300084529117
3.0055874965598046 4.008624490838902
2.9542012501816406 4.043556122925934
2.9159329192421475 4.042424947530217
2.947766469559201 3.946054375314694
2.883749970739367 4.026880142211692
2.892592328731634 3.9573441577724284
2.929098245228312 3.9460057033037588
2.9067481157387904 4.039668638620289
2.90979977144917 3.9498037186618253
3.000264172909706 4.017757829594027
2.9254172907705076 4.043973499584021
2.909601963714153 4.040525200335905
2.9590645926639447 3.948124415309551
3.0065017630725768 3.986273172359783
2.9195871877431574 3.9475485288137087
3.004269471239515 4.010438834128187
2.9089925649306787 3.9502674607191834
2.945103488430431 3.94613901778677
2.9897617573250024 3.962333367271232
3.0038997960355873 4.0110401050748665
2.879243329254754 3.968652177930018
2.9286178577415187 4.043965501716948
2.9904690788841517 3.9631810758707173
2.980662665470422 3.956548087312429
2.8686567720982215 3.99037594381452
2.8686091366050315 3.999348579970336
2.9409195090995026 3.9462355973263734
3.006344809479862 3.9882809260530583
2.991865114681625 3.9647083811524935
2.9820444267451247 3.957644974975685
2.877550686329445 3.9712836794359294
2.9992576151155093 3.9728800809168208
2.9804404478829287 4.033681519471838
2.8953903875481783 4.03379464093902
2.9330372263959874 4.04390603842043
3.004920094015893 4.006356444838029
2.8788190763553274 3.970093323865342
2.894083926999534 3.957625533831322
2.9538720788901704 3.9478624990931537
3.006344179340154 3.9908770423425115
2.904187923066993 3.952794541809971
2.881412747930095 3.9674334430984453
2.9195374646860985 3.9483238312638087
2.918328458660611 4.041804476014763
2.996948896318709 3.9706031864656017
3.006412630894846 3.9964453106848192
2.957041171508906 4.0417684384139765
2.9853963164536217 3.9603355085403464
2.9979236659732034 4.0184501405680475
2.8813720328998564 4.022669300853185
2.8731921468814776 4.011272080497485
2.9637065749820297 3.9504012131683117
2.9967013836097376 4.01985336299517
2.9387389607291063 3.9468357675730372
2.9612838193658257 3.949810997905168
2.944604169738616 4.0431953842670625
2.9670040291061723 4.038799741600502
3.0045668697053407 4.0051597241135335
2.908857215967033 4.038825221231165
2.967825491653921 4.0383222480718866
2.9534592967103346 4.041944281440346
2.99903688922406 3.9744273527095775
2.9350299471350914 3.947200099167511
2.9794115373934766 4.0331119372400845
2.8743209204439997 4.012182196049374
2.988381725216084 3.9632939567048
3.0043093886077106 3.986075530244481
3.0008158469809176 3.9777060658738304
2.873008109395732 4.009148727646833
2.9869636157843615 4.028115816029985
2.919787907173065 3.9490883106718244
2.9553751618896684 3.9491240473811784
2.901705674489436 4.035486354989144
2.926680447317427 4.042139977386163
2.901456550848316 3.955134747858471
2.9939713682293783 3.9690015326758923
3.0050898285856062 3.994189932846509
2.972908315960801 4.035772407921801
2.8776307247332245 3.974044062226063
3.0024762796765003 3.9823131274266075
2.989881135286108 4.025264492488843
2.8987478587472255 4.033846075846435
2.9526198159057766 3.9488851381120753
2.905770876331029 3.9535187566847503
2.8835765415393206 4.023138047972968
3.002989897469623 4.006368408771193
2.9828194772656937 4.030349794472874
2.9816874630127455 3.9593956377343047
2.8712701743312135 4.000724661042642
2.9075474042348777 4.03742830359485
2.878822129243 4.017647776471031
2.9969044530445736 4.0173381335861045
2.871144167208092 3.992065491233357
2.927238548636834 4.041773373290257
2.873178570913576 3.983478226163459
2.877022144530297 4.014456758773467
2.8957163053353048 4.031649066601263
2.8904955892283906 3.9621680646756436
2.893032110854812 4.029922356485457
2.964983262726066 4.038000276588577
2.8795260058616563 3.9728321886596634
2.9903149918172294 3.966590273116598
2.953251838578938 4.040752591823088
3.0038520570713008 3.9915659390979426
2.996219202917325 4.0172441180508915
2.975357121874422 3.956666625324255
2.890096213473179 4.027564159781498
2.9370180668985957 4.041887178642499
2.8729317430535857 4.00397627392379
2.9210315410023786 4.040298091913946
2.8757242112370247 4.010977651331757
2.9206189743764184 4.040177988395824
2.9011409853145715 3.9564588469038475
2.9790093205845314 4.031543268849378
2.90263619877293 4.034540728702957
2.8758666676420312 3.979464446585566
2.994156209132904 3.9712512598023615
2.902508903006762 3.9559985536685316
2.873580577909707 4.004751855750267
2.989482167016089 3.966622264728281
2.972907123806197 4.0342906936043175
2.9390070003062503 3.9488814992324506
2.8738966252889804 3.9853202796345806
2.8725786385454337 3.998479532800772
2.8873234539644983 4.0245806515443485
2.999727547833044 4.009636884588133
2.90012090381151 3.9575589311709267
2.9360989983448027 3.949063380823264
2.8761430415799465 4.0101111170351125
3.0026929048772555 3.991234158138891
2.9711689051703987 4.0346950696144255
3.0028224063466857 3.9942670826680944
2.8827696782163685 3.9707199204835595
2.8737741349018915 4.003070961048458
3.0010352860328133 3.9848510921699978
2.8876317370694538 3.966110894623958
2.9483714520664286 4.040403052013999
2.912344399256059 3.952980002627528
2.9054803890981074 4.034911257140841
2.8793880451240184 4.015092506898746
2.928217282324916 4.040410113962797
2.9561144000347737 3.9512940421025275
2.931689132767219 3.9496261144027525
2.8787924305674712 3.976546221192994
2.940147344247041 4.040778542946892
2.8732542309371683 3.994262485349288
2.952470925383242 4.039526472890836
2.955630049937664 3.9513454411555915
2.87621482300971 4.0085192714361035
3.000427347690441 3.984666849939848
3.001846161519368 3.9907579882086868
2.920423754096036 4.038930814951239
2.9595376873206143 3.9523352098717233
2.873583264389585 3.99750031955278
3.0004066392771773 4.0055064274120324
3.0019342527032213 3.9973882964260006
2.992067528611136 4.019423769328185
2.8744681503041942 3.9879998553773643
2.936062893332279 3.9498352979129154
2.8772152680535044 3.9805274229424157
2.9314207585433003 3.9500918369433293
2.8963219598988927 3.960703268421091
2.909405767796674 3.9546126124646435
2.890675030750509 3.964607296263851
2.8847097041909135 4.0203649308806275
2.8791450598538217 3.9774288501912602
2.9506396871351397 3.9509494367188793
3.0010522891781664 3.9895260730464455
2.882523076558461 4.017584601255699
2.990883967827413 3.9703371520870903
2.8743909814492703 3.998491901779511
2.937052525218724 4.040075722998816
2.9134366117319055 4.036622806537954
2.8895806089505864 3.965930158266408
2.8745412008930855 3.9911633298018363
2.9344143013047033 3.950280355338495
2.8975210593682412 4.02982745732891
2.9718957430992807 3.9573159040012436
2.9304706781591827 3.950581745130695
2.9143119700506963 4.03674805859481
2.97822424977999 4.029601829272654
2.9687104079042284 3.9560778984486147
2.982224691615172 3.963355320437951
2.8747264040126663 3.9979666009907504
2.9025641430039144 3.9580515095940165
2.9343204202840645 3.9505128424416363
2.9005055158934487 3.9590934025917917
2.945242832862091 4.039437832976232
2.9946189980399973 4.014600101952361
2.9048118485573324 4.03316326434941
2.9872832289335665 4.02283816275788
2.9871378802519284 4.022931049291541
2.9695308627703203 3.9566122061937192
2.8971365198556818 4.029202185258532
2.9252415000541547 4.0387747156490015
2.8898053756375615 3.9663117379915773
2.940622862437514 3.9506175979559908
2.9029811125186726 3.958049937248081
2.891472002539632 3.965029132566465
2.907946128643065 3.95596024836981
2.9083851233132263 4.034456280600144
2.995800618081905 4.012381659948531
2.875719873342304 4.0017038164478835
2.8965419642327985 4.028537090654092
2.8792682641740175 4.0110433693917065
2.99103397418098 3.971782364596272
2.88998215626797 4.023764244235783
2.9792050712838942 4.02835038020254
2.998901791497829 3.9855635723062193
2.9133449532312046 4.0358186776717835
3.0002875035672263 3.9957690373406796
2.9008030601919277 4.0307209209760035
2.8807618897326437 4.013149619938794
2.9248958866316945 4.038291083720883
2.925932894710707 4.038415649499462
2.875647515320652 3.991749961558524
2.8892667491893613 3.967488336463904
2.878892734538524 3.9808490564502224
2.9884310520384694 4.020811118846314
2.9938821913308207 4.014316517189565
2.8798792373933986 3.97907511660353
2.8828306607823784 4.015775865688404
2.998079006591899 4.006096399691605
2.990695757982247 4.018303031421884
2.8854403679583536 3.97149629374883
2.910977439579402 3.955497003670463
2.9394614711375704 3.951215805122037
2.877003219706427 3.9863565523128126
2.881564455512884 3.9766245864645304
2.9995177953510876 3.9912346618500965
2.945688348618068 3.9516591676564965
2.8835011929407988 4.016148813419467
2.9123509839105677 3.9552316436436525
2.971471670764843 4.031823991216377
2.886368448764798 4.019450927568925
2.9589949635177537 3.954038036001812
2.9029090480939668 4.031153847167628
2.98535918207701 3.9673496805512816
2.8924221414848095 3.965681112163156
2.9938335854260787 3.977087287196724
2.8874932730406484 4.020253282764376
2.995781670598048 4.009763137342428
2.967887956396687 4.033067112996306
2.878099119177564 3.9846649083557226
2.8936852861701094 3.9648166242298686
2.963568498769429 4.034556339226333
2.985208539388426 3.967523623765178
2.8774256995378393 3.9874717194561993
2.878273717843954 4.005650841010006
2.9934818667195033 3.976950522780763
2.9659298772819653 3.9565765635712378
2.9809013672439373 3.9643082532665797
2.992009042805843 3.974965784939351
2.876907338151966 3.999230071768868
2.876869711808471 3.998818804639907
2.8923531624022285 4.024059150809077
2.9757987380932214 4.028991601921334
2.984448557954471 3.967205791495126
2.878636756403271 3.984441877350686
2.889366651131845 3.9688572642585007
2.9935189379223197 3.9775315159729194
2.9300763852222915 4.037876495780937
2.941051198713616 4.038152468183282
2.9764186136931903 4.028447867853144
2.889116983807667 3.9693058719627787
2.8800956059489726 3.9815039614835417
2.961250924735226 4.034802241254775
2.9983751264423084 3.9991876537127236
2.8941391313037386 4.025065211282861
2.877282830491165 3.990951690776465
2.88078798135881 3.980218144588965
2.9053532840659995 3.9587583197717766
2.9960963441976443 4.007328920864025
2.8770576981860807 3.9945677006690743
2.981595699158144 3.9653727199392264
2.9557211588021866 4.03607556267173
2.99692148507557 3.985627491789745
2.884531300062042 4.015560710603031
2.901277514268668 3.9609506946953927
2.9596530221573647 3.955167112933103
2.9863661228446805 4.020671491743285
2.9959064359836605 3.9832027206305947
2.9877257030147657 3.970958855636569
2.962765928148757 4.034040440931398
2.8920354105401835 3.96718649157531
2.9971295110369334 3.9870874033217145
2.952415847745844 4.036467353546699
2.9541067612642276 4.036151060645419
2.9873827295063418 3.9708416934705526
2.998116631757757 3.9951778547878254
2.991516468473669 4.014492352625887
2.996454721919015 3.985308510004134
2.9815777685398084 3.965824065401936
2.913873462939151 3.95602239051322
2.9845643211275257 3.968329770603787
2.9023687859819 4.029454778191586
2.996618818069536 3.9865811243818055
2.993953744724544 3.9801199391733166
2.997821568087113 3.994798967713562
2.9295720272604617 4.0370742502697246
2.994342565938466 3.9811171863264008
2.89499434751656 4.0247328006888585
2.952916175516613 3.9541075020949545
2.972699091523258 3.9606899315396045
2.9180182119935196 3.9551208867224066
2.9973947633500653 3.999178968476
2.9345959058214444 4.037326367421751
2.9228751250326965 4.036024863767546
2.9956927093217156 3.9845945263804334
2.9286011490710924 3.953318663126071
2.9575413418032257 3.9552020317747862
2.911180911999546 4.032857506382286
2.9292790775866164 3.9533365597687875
2.906720376566642 4.031069135260565
2.9859708417382573 3.9703112447027644
2.9167839709291017 4.034500476732704
2.879970591623069 4.005238832440208
2.9895682818270357 4.015921777280635
2.8927920309752992 4.0226250862079285
2.9047960987305372 3.9601457162925806
2.983587462920318 4.021896737368157
2.9900106020196 4.015162758089898
2.9342434310956267 4.036967608512388
2.9077804764729853 3.9588803090688405
2.9963878056980944 4.001832595491825
2.9953780549140725 3.9850512481297393
2.941042456998452 4.036927825503915
2.9892244948471918 4.015979772733608
2.973170775751202 4.028627576383052
2.8854785700459376 3.9756149473142632
2.9754014255749333 4.027359893030695
2.994654587195269 4.006194436292965
2.889997015346423 4.019461966843883
2.9054914874610023 3.9602456610744126
2.9148203686225056 4.033422186207572
2.8950373409162373 4.023727524398112
2.897210559018216 4.025152502217319
2.9529591542996974 3.9549401299481817
2.936289472120092 4.036562274233359
2.988100029103886 3.9738441384184204
2.983540451794131 3.9692125374102467
2.949060522635414 4.035622443701213
2.9948212098739244 3.9860444397289996
2.9727052899228696 4.028225588539226
2.9869027558818213 4.017450386885805
2.9947500257037776 3.9861245650166985
2.8899684124152047 3.9715785112542745
2.984408852480107 4.019825684463945
2.8800694872557866 4.00058478393707
2.974233461800831 4.027217584227961
2.882480219078785 4.007930740723577
2.912499418398827 4.032125416977945
2.8796557789393136 3.996363090652239
2.994506360518232 3.985917563278925
2.923783104635258 3.9551389644426593
2.920400216164529 3.9558181426233245
2.920853420632361 4.034371548797322
2.9559715446920705 3.9560198684194607
2.9240035723317437 3.955187443993476
2.8822458435490033 3.983263111407706
2.8953235940973174 3.9671746938404686
2.8930808088211366 4.021195587655107
2.9938989615749763 3.984798190239216
2.894549312690252 4.0223196770963
2.976747309289582 4.0253903708359235
2.884461838375984 4.011038228504622
2.8874731212462534 4.015329401764303
2.9933660061431477 3.9836281451450932
2.8969235405436167 4.024058046802523
2.9809425407337073 3.967821270959795
2.913144381049057 4.032069094698608
2.994656218255729 4.002640174002384
2.9097305314669564 3.9593214708231876
2.9446061562680126 3.9544517364253573
2.8898392714308745 4.017850300213202
2.9841341963457353 3.970715761858392
2.8837548012269067 4.009473122471442
2.9721144481324915 4.0279091503867654
2.978514213026136 3.9661379385252116
2.985285323933489 4.018278938790801
2.964388956057587 4.031229400059316
2.9536450535104453 3.955882645956062
2.9836909677708507 3.9704559530524226
2.989948322475009 4.012413965684857
2.884709144705865 3.979371425699628
2.9140997978883396 3.957961886135712
2.9548489709304966 3.9561912319377472
2.9068649022998154 4.029326936688788
2.8879425251335427 3.9748714713277398
2.9424878343173164 4.035483060234504
2.8806521660692668 3.9986257498513784
2.9540696371095527 3.9561823076003577
2.9383700873881975 4.035558278543458
2.8849107471980444 4.010635471123386
2.8868216469333126 3.9766617892364664
2.989228101384011 3.977374733968481
2.990358485415313 4.011053243317421
2.974310901300961 3.9639451136635917
2.8808895802027927 3.9988398469619977
2.880767983295864 3.993689781087842
2.880748618081976 3.9959230741607
2.9205206807037642 3.9565924683318854
2.8819438571613976 3.986975678743537
2.985479835778585 3.972954677173515
2.8916506722495705 4.018678553287167
2.9385500825712434 3.954782431394012
2.9199399917911784 3.956824928878731
2.963310828898142 4.0309998645549125
2.883354695201451 4.006578739375578
2.881127498474222 3.992548818707244
2.9942106172148115 3.9995722596897716
2.9245139039422026 4.034056286376169
2.9586621361140213 4.032354331345357
2.948082043685443 3.955600344376135
2.882679543395479 4.004483255211271
2.929138225228283 4.034572462853358
2.9578990364425426 4.0324398264844055
2.9224288079060665 4.033522483927092
2.894434526313589 4.0207369763666705
2.9202855142308035 4.033058175667873
2.982605893852589 3.970704392993845
2.8869632930355826 4.0124628767557216
2.9874828879799114 4.014041730195252
2.9915192043706136 4.007365831834772
2.992596203474041 4.004558840031493
2.905506768448816 3.962382928464323
2.96048284631489 3.9585489876089524
2.9142996880794243 4.031262241101963
2.8815354547680894 3.997055058398673
2.9936237068011873 3.9898420228947207
2.9069799062745765 3.9617437380832543
2.9256614605698767 3.956167605883667
2.8903301618056916 3.9737648328697177
2.893057740545202 3.9709953415282544
2.928418693442753 3.9558367338130522
2.916214209675257 3.9583367154192484
2.9920932432180876 4.005282378242633
2.9676841507065226 3.961421163014452
2.9251927292618136 3.956352806069312
2.883012058275201 3.9865400879812207
2.9086000150309435 3.961225744385872
2.9003340683560825 4.02450090877101
2.9787134896192153 3.9680032595001338
2.9760518724413894 4.023995332340481
2.987556060375849 3.9769530709458434
2.8859188262343065 4.009857736573404
2.9798356539115263 3.969021213402968
2.931440495014405 3.9558470936894956
2.9079417829182685 4.028276722204255
2.983178285446745 3.972251622644059
2.906694151354025 4.027652589037723
2.9541459716948997 3.9574286804548238
2.892419606065968 3.9723485971915324
2.92712871795704 3.9564455422730047
2.8852686725155507 4.007577497313168
2.939482060627508 3.9558495553860027
2.9709376425912253 4.026441095349763
2.9680816803660277 4.0278409920853395
2.9697388250250834 4.027032164955826
2.9046473746973973 3.9636920802908095
2.917785378833144 3.9585307678959363
2.9870445433725794 3.977177911251678
2.933736605894497 3.9559965465865328
2.969257362723888 3.962881838580459
2.9124495122911243 4.0297596899316845
2.8837772972047415 3.9871267599898004
2.936136190582201 4.034006700352842
2.9017493127637275 3.9655349840527254
2.8957952393646464 3.970042100424007
2.939054662757009 4.033799581753744
2.9506389846727914 4.032733255865044
2.8838595306033183 4.002000276265143
2.892706916861289 3.9730368007197754
2.940856027025016 3.956324778039053
2.9857573254395104 3.9763354380989364
2.9918224480004385 4.001492333824598
2.932320857757552 3.956477678230042
2.9678053528248505 4.027430577081748
2.9117937930589126 4.0290526771313395
2.8899174407240436 4.013738327822022
2.9866438194109546 4.012462522739745
2.8948658960618805 4.018995334450059
2.9632471824528928 3.9608488107032027
2.9907828685367837 4.004444193092525
2.9296948031063796 4.033179793097735
2.898189748093316 3.968517475171299
2.943039120026629 4.0334128239951275
2.9874325034557128 4.011004456107524
2.9922808960732534 3.9937700020160656
2.9788601489579025 4.020391550941217
2.9809081681290976 3.971478237545822
2.963178079046293 4.029095858395051
2.9148165694158488 3.9601129750498694
2.929274730222641 3.9570119823593575
2.9504776948860405 3.9576104783435335
2.981936475153928 4.017528146926422
2.925473496369038 4.032440368091051
2.986552761209011 4.012032497079059
2.992137658744291 3.9947054627293603
2.907448726780269 3.963163230036226
2.912909970464599 3.9609603716805113
2.9643236397840926 3.961581442267288
2.9918898019858577 3.9968641144728876
2.8864682434675655 3.9829402074708415
2.93624655481631 3.9568138997088953
2.9845445025329638 4.0141892834634305
2.9854394686070402 4.013024514458684
2.9419305138138223 3.9569476718822045
2.890452487797843 4.013370847391877
2.8847819606896046 3.988003790950698
2.8889389377601864 4.011158716084899
2.927741996565705 3.9575672661750474
2.88391856357946 3.99534341535801
2.899507262375836 3.968311712428805
2.976047251345127 4.021759808011799
2.977033566892842 4.0209883907305315
2.8910717070738405 3.9763219207746987
2.8925287996629705 3.9746265748467504
2.987252278396575 3.9802904663438436
2.946022852374284 4.032494724013357
2.8876836805555968 4.008520596201764
2.884398491182893 3.9917128091018523
2.982402452164089 3.974017977298676
2.9718699487849705 3.9657732736893707
2.89397550555963 4.016820173779169
2.964722866152889 4.027764234208232
2.9144843924991806 3.9609176365111654
2.930996057723134 3.9575240294452403
2.9506350241488195 4.031642603113617
2.907471778197305 4.026061364068733
2.990354373045749 3.988528258706409
2.9909614591386284 3.9918612104795557
2.9734147340989563 4.023105329228626
2.9886934124576876 3.9837923213589814
2.909913215004067 3.962891559487577
2.9501664944968957 4.031664172635996
2.888948084336413 3.979993584705465
2.96316020893208 4.028105334577291
2.9717947738572685 4.0239335866435635
2.918123808334887 4.029924114426075
2.8852749741913986 4.000619852848821
2.888775460987873 4.009488833470965
2.891812713201485 3.9763384028461433
2.947279840743804 4.031886251144835
2.9011173729028887 3.9679817282590046
2.948893679549024 4.03160453044374
2.88491156249364 3.99481031158993
2.8894171293155875 4.010142936613908
2.987630511902228 4.007591797196659
2.9636296379047335 4.02759405874976
2.954871608776781 3.959660468906883
2.886156895364405 3.9872918918173155
2.886018457271825 3.9878202089590387
2.9067731211857817 3.9648616285664557
2.962747983436655 3.9622117342745167
2.9307621653246407 4.031870966323265
2.8856409924481614 3.9901695607885386
2.9656104901965 3.9634336086662856
2.949326291678692 4.031257707440107
2.8852707011886043 3.9962358854105977
2.922425699653499 3.959463291412886
2.9642438244523976 4.027062986659336
2.885381264083742 3.9935966406489003
2.891245940917841 4.012118100414093
2.9858460546290377 3.9801852939982663
2.9779334431354396 3.971168096757418
2.990188107503956 3.9935952050396333
2.923341630562067 3.9593717093262
2.888001762511511 4.006565788333046
2.9148028528196908 4.028277569398936
2.975618746262726 4.0205652912864345
2.934283143258996 3.958108582874173
2.9471917673530665 4.031341300801518
2.990032473595294 3.993824872151286
2.989919737263898 3.997382675741699
2.9255975723575167 4.030883052245819
2.9355702137744 4.031858048003594
2.9131402162980757 4.027486766312597
2.923377569178495 3.9595839158509456
2.904396052214231 4.023272916344769
2.9436181976521465 4.03159254023258
2.951829001182867 4.030461436395608
2.901538978960666 4.021405878259586
2.8920499948896587 3.977530722242822
2.8859882244443917 3.9980669816398535
2.987717073928249 3.984894136147397
2.9860604372065263 4.008586755344532
2.899278203756025 4.019562813348793
2.9383199991932534 3.9583179149889847
2.8890511044521174 4.00750821678254
2.9183371730254666 4.028963025969847
2.9839501241243167 4.011684936342302
2.8923808499337893 4.012557724966158
2.8861615238487257 3.9936545143493407
2.8891696925804022 3.9827283235482716
2.9042103254307454 3.967263920071386
2.9109988567247527 4.026206888082939
2.9097187094887564 3.9643613174520507
2.8988564755303847 4.018963994586492
2.9173775054722566 3.961486622000577
2.9469868119738454 4.030859998279419
2.8885357161188208 3.984287625644718
2.951636547004744 4.030098291157198
2.9885686331552224 4.001344734257744
2.9446182021521246 3.9588587283607524
2.9571156161201024 4.028724505496993
2.9002700896179947 3.9701726331913982
2.9854882511787646 4.00851299844784
2.9645251153434726 4.025981229224976
2.9651553964369888 3.9642891929485553
2.962637760573104 3.963318975838754
2.904104478886503 4.022205097863841
2.893374181846566 3.9772088067009954
2.9165093532435042 4.027788943426915
2.9888366788744305 3.994254085325472
2.987468533518868 3.9868199505865003
2.8913057638858546 4.00982583963308
2.9228131454157773 4.029419693243781
2.887462035265163 4.00062229203905
2.970050178626673 4.022894521585357
2.988688728402491 3.99663250901373
2.8994528255607803 3.9713695858287785
2.988516322916664 3.9929233323811077
2.964541119460758 4.02548988529543
2.8871790522828715 3.993033253388894
2.964556585138054 3.9645300076734453
2.987133822575876 3.98676815522377
2.9864765040679786 4.004902735319754
2.9313966775370073 4.030462887344869
2.8972002248943314 4.016329048669826
2.9146675407532383 3.9631824974326806
2.9880113987684793 3.9907451307172677
2.888092080849891 3.9884751370122267
2.9637826016023876 4.025655746868086
2.9061796007113627 4.0228600706956845
2.8873112936030902 3.9938144461334812
2.987993298655312 3.9909636648788798
2.9876900016894825 3.989403496467649
2.888474589123098 3.9873476976355278
2.9497426926761294 4.029670046861874
2.9882809075743717 3.994871575342698
2.8982595055267453 4.017169143195299
2.9837217485199723 4.00980384318212
2.9879544852690154 3.9987945943760472
2.9719690435265806 3.9687628035992435
2.982549919057222 3.9786062174275205
2.9412319777522318 4.030512755152346
2.9650881081608453 4.024912952229328
2.887493952085647 3.9964627150934557
2.9487938170552903 4.029713935101581
2.9864753981179355 3.985920671237997
2.888138698205352 3.989329914725629
2.91361789296035 3.963792271003937
2.9872848527112423 3.988627220823976
2.887718562058966 3.992043933943174
2.9099595039229564 3.965398729512024
2.9879858840944813 3.996913638268377
2.9541881988519867 4.028536828183432
2.896009467529865 4.01467548364772
2.9528655378499087 3.9611282732867514
2.935057561416471 4.030358690227736
2.8883445160994774 3.9892659819873098
2.9130255994054997 3.9641693314574904
2.957550816489859 4.0275142067301095
2.887816863615579 3.997004572187568
2.984742998663084 4.007320339876185
2.896124096420265 3.975395636936444
2.9156760620526394 4.02666251521569
2.9305717840738623 4.0299138860182655
2.9032195104498193 3.969501288370814
2.9614367016209897 3.96385445592922
2.899268635955297 4.0174460378935395
2.9722139344214256 3.969402994151894
2.936984251539438 4.030217190475459
2.9242570589347405 3.961076676298603
2.8992652779396137 4.0172658000274035
2.9569478486886682 3.9624907132425595
2.9688521608053793 4.022460027864208
2.980749778958355 4.012725088804367
2.910018951355072 4.0240879052022285
2.975080373417484 3.9718177339488103
2.897538949781679 4.015477479375489
2.9821742527917388 4.010665450945866
2.889446589885314 4.002640216219862
2.9347636034628515 3.9599940281194144
2.911905661115738 4.024776161600169
2.889838035873386 3.9865085984522395
2.987058968728002 3.9980163842378786
2.9251239838036076 3.96117589894921
2.964650282403821 3.965621763881564
2.893067593319665 3.980270859522537
2.9614206380798307 4.025588391525243
2.942189631826019 3.9602226894981523
2.9670864623983793 4.023018144856849
2.89457509725118 4.011734779448735
2.9543681860643285 4.027766206133082
2.925579666274505 4.028676871301004
2.888866182880674 3.9913524001854195
2.899841145938798 3.9728575984685706
2.9226190601777056 3.9619145679577326
2.9341830006177814 3.9603105656713926
2.8940887771851505 4.010831990911706
2.9708671324514 3.9692876538600004
2.8988893809974754 4.016174897079103
2.9019960021573814 4.0187117458523085
2.8923680542262113 4.007922367968875
2.986754550194688 3.9958132881743733
2.9249772874284496 4.028356956190802
2.8910188462549518 3.98487126813757
2.959896089111527 4.025826512830607
2.977694891849436 3.9749791867362894
2.898171775400249 4.015122671624561
2.899074413949154 3.9739920997026927
2.9733715644819587 4.018592218989088
2.906099557792727 4.02114316722831
2.889849225331656 3.9888819055760925
2.89497427189003 4.011360913915504
2.9790511263224593 4.0132798943828485
2.8909275271233374 3.9856898510003296
2.914225452475028 4.024995154517034
2.9465766190000107 3.961168472474051
2.9750759828449453 4.016947096251756
2.9176291238904706 4.026121576335923
2.9727319363927798 3.9712027189314076
2.9382852516716182 3.9606843374477623
2.9042815484422735 3.970264532561622
2.985966218718759 3.998130555717076
2.8903193268025795 3.9886003981641913
2.9240453116747522 4.027708529461541
2.90079887434455 4.016930415360709
2.9271661275112377 3.9616343777450833
2.9106654420866427 4.023146947112275
2.9367734438417203 4.0290307646412
2.9001790403825822 3.973654078143562
2.896599623798571 4.01264478579635
2.894284486664521 3.9803602267280667
2.911943213493849 4.023641726004579
2.8987601312229136 4.014834433441355
2.893091662939979 4.007499356724768
2.909557260368377 4.022466270499075
2.898076653288999 4.0141055227975055
2.9126807430018293 4.023910916983528
2.9513829168263794 3.9623617477525963
2.9210080411970587 4.026753469573161
2.977968229832722 3.976412446908719
2.9660583875661044 3.967557606351849
2.985618219781826 3.992446816397461
2.9544352037587536 3.9631551141586554
2.973705761371675 3.972521393355646
2.893483916141835 3.982114061307249
2.8899304566519395 3.9959636512733105
2.9398947269787334 3.9611399350736893
2.8962222205134456 4.011642369336971
2.982875376431657 3.9839535464350693
2.9312319224199483 4.028326118035131
2.9476319364860695 4.027900802667348
2.9843759501479146 3.9879370480929452
2.9592218361722047 3.9649049380025425
2.9735095049551825 4.017194955789724
2.9291519399874293 4.0279833135730385
2.8964973242709107 4.0115742401411065
2.894922288424339 4.009369918077296
2.89671000232301 3.978181536642344
2.9780996225845984 4.012699121481711
2.8905023172961606 3.9923680672895916
2.9679426188211573 3.9690567978501887
2.984981021328082 3.9916339811258523
2.962222432201373 4.023614922493039
2.8963046111929835 4.011032169900758
2.982009354938228 3.9830674227571485
2.9102467316627303 3.9677803635376097
2.984860645370277 3.992007722885387
2.98318378196626 4.004093110303602
2.978358967413448 3.9780185997511284
2.920173994502085 3.964055002570048
2.9781839947179827 3.977841756569447
2.9703781379542695 4.0189625122800585
2.9565487293151533 3.9644540258773002
2.890976708975649 3.997830213342021
2.903702699756518 4.01779612983653
2.8947685662391858 3.9816821374525277
2.920332711388367 3.9641222642341734
2.981889848465753 3.9835969201514883
2.9642274394974297 3.9675286117448465
2.9828828867333184 3.9858213592408602
2.907705687556976 4.020374651655326
2.89289454705113 4.004446966254417
2.9083793915635563 4.0207390176070215
2.9510838814197022 3.9631608411005197
2.977478870243681 4.012582756466661
2.931737322731476 3.9620943447672063
2.983519560325651 4.002099438259383
2.969214306173212 4.019476954041479
2.896381260480361 4.010233336508443
2.9538882702719906 3.963965403765672
2.948773615146754 3.962866547863206
2.9613857570989754 4.023381045891333
2.96899143729397 3.9704831507567033
2.957270277407039 4.0248559549656076
2.975547473427201 4.014227788282426
2.980615745129047 3.982043699570122
2.981716845929379 4.005752327616869
2.89729862718307 3.978834848917781
2.9300771944600745 4.027301100388698
2.9695666360937665 4.018889941245894
2.9004043323283084 3.975532056210924
2.9485321814971197 3.9630190848591913
2.9834239676015706 4.0007621736916805
2.9199733297207993 4.025168913020073
2.898489839006177 4.012281021154269
2.934395693189461 3.9622777468132124
2.9148132027651945 4.023332433354299
2.9097048318909207 3.968973915653602
2.978914234199065 4.009823140937217
2.956801021202176 3.965190276514055
2.9211133542079573 3.9645128631685433
2.9797062321207384 3.981319800739045
2.9221060182279834 3.9642611464334703
2.9606370840563176 3.9666582266279846
2.9528621930433268 4.025654400272048
2.91894220114374 4.024569150381364
2.9743513975606213 3.975260073527628
2.947749550171936 4.0265834658736726
2.905632188282372 4.018052769981755
2.9097088860438474 3.9693101801974118
2.9105018719173876 3.9689144049729865
2.97667568110091 3.9777990732477546
2.9802024992021323 3.982686223615006
2.9794646343140214 4.008424024097957
2.892917969800957 4.001410291485606
2.9195194384243948 4.024621409722828
2.8951354880463844 3.9832499687706706
2.9675433292013547 3.9703392221063365
2.892310019509035 3.9984298671074003
2.9035802583230454 4.016390416604737
2.9578715847960657 4.0239741653414605
2.9529778816778514 4.025414261259278
2.9115314790485476 4.0213504511846905
2.8978970894866958 4.010657359976396
2.922027082560959 4.02522788719899
2.980833627587332 3.984141844260126
2.9730733508705987 3.9744503216314158
2.945812570259152 4.026696530835213
2.892228025217002 3.9965550414490236
2.934728748245787 4.0271053715869085
2.908714924717291 4.019771404792055
2.9749475631313875 3.9762544084806537
2.9504934340695477 3.9639612598890994
2.895467658962889 3.9830872777829116
2.9415517624187473 4.026873648617696
2.9089335394588516 4.019651438970829
2.9781729419433045 3.9803563838486418
2.983056843476133 3.9930722247953594
2.933899741004953 3.962994715126306
2.8987717169682288 4.01113649701398
2.9485057648748727 4.0260014396120605
2.9817874347442466 3.9875235550415127
2.9528812121974894 3.9647773020304107
2.893214410408729 3.98967326145855
2.9806544587633494 4.005116791949329
2.894529950221613 4.004091038349914
2.9014821252122793 3.9759818668400464
2.9363836977628117 3.9630095459187364
2.9668352623616405 3.970490608879814
2.9273844475056294 3.963867838149378
2.9016963854460416 4.0140425516817855
2.9513787640252342 3.964512699260441
2.9459329964746295 4.026271945759995
2.980244314474662 4.005692444633884
2.89859812107162 4.0106081978294235
2.894832255682727 4.0044427467162516
2.9218748756434354 3.9651772499316245
2.963508880268137 3.968860856655537
2.9054975540190164 3.97291265162049
2.9740016456036127 3.976205560328045
2.981693961348737 3.9885232272755635
2.943691936665098 4.0263162518064775
2.9710941738910086 4.016104831933603
2.9658702170001416 3.9703577864291377
2.9814529183625904 3.9883194268976374
2.89422388779999 3.9881215608255487
2.895263394129306 4.004492532268367
2.9115915633627534 3.969395699138941
2.8981621329753517 4.009403420171937
2.899882661932038 3.9783575948165013
2.9790171530314447 4.006922761298578
2.8937869719871854 3.990057538098341
2.8958125716907364 3.9844158882840155
2.8932686129453975 3.9946130245522857
2.9234595511985795 4.024676256925369
2.9083542810244714 3.9713998700905973
2.9368451919734477 4.026306196668051
2.917991392948034 3.9668372216323258
2.971789554438396 4.0150791594112984
2.9299844500464047 4.025737997131658
2.9738759826003953 4.013093156251497
2.9374664761385687 4.026211672401219
2.9658014762521043 4.019155694651689
2.9743550284603066 4.012517196021198
2.9120306663776283 4.020292225069087
2.9170643722240532 3.9673497248311076
2.9193180018524783 3.9665740475451576
2.9246474871034023 4.024672302720176
2.8939814419619343 3.9981895605177127
2.9368434007627027 4.026053488033913
2.9793693973080875 3.9846662367716092
2.9609293967380856 4.021408202735092
2.8941682865906864 3.9911466905782285
2.952470873865844 3.965607183742935
2.894061930280045 3.9923786154532777
2.900954760986361 3.9781000314476795
2.9279316149777963 4.025072620468306
2.965051429033338 3.970703092741012
2.960375248199923 4.021416832175096
2.8980608350378385 4.007865978754305
2.9089524556851547 4.018163489324333
2.898044207886381 4.0077961065833305
2.9041351325513687 3.975198832232226
2.976417104140407 4.009337417423661
2.8946376435172514 3.999401463013246
2.8949497314728765 4.000711238972936
2.933356449071332 3.9642148379326656
2.8956753636319164 3.9871565071896846
2.9791608175546536 4.004519474173797
2.977150996917159 4.0080083239019055
2.9714242778607094 4.014371810096068
2.9091069133953495 3.97189889039118
2.9806366002703943 3.9903018837755915
2.9056868277580423 4.015472975127546
2.9807388668069694 3.9988708540794904
2.9759762340373226 3.9804846445145516
2.898845639228418 3.9816398278831584
2.9023219034909937 4.0122769908353915
2.9351218287514067 3.9644621021616935
2.9369337007058287 4.025345230049478
2.9014234220165984 4.0111879503046595
2.9240657892389263 3.966055676843363
2.9662444651178737 3.9720964425832035
2.9766516460909727 3.9818905640374638
2.9066623397946745 3.973961870728181
2.9212930739646343 3.9668450595420484
2.971791771222433 3.9763289213288115
2.968298769857733 3.9735101017692265
2.9474506480175435 4.024483307036518
2.9633207049935817 3.9706094366068374
2.9760566358020233 3.981364191407496
2.956834310554907 4.0219916200193
2.9183989154755534 3.9679746324385463
2.901220711434098 3.9793223159361633
2.896463683666255 3.987403055846043
2.8995660055216477 3.981583682559875
2.9273688345607862 4.024120882706174
2.8994640687007305 4.008083622215084
2.8979130059167932 4.00543861249081
2.9680334013909366 3.9737495922327004
2.9052702242107955 4.014270242621827
2.9066661757263863 4.015313195834976
2.9699633199038904 3.9754073097897926
2.9306202279751155 3.965396205412883
2.917923454455111 4.021312982469879
2.9088272265962027 3.973110987200385
2.8999685291510104 4.008262783455999
2.9482598914210527 4.023837952267416
2.979400161657386 3.9897735663333522
2.9660554897553295 4.017088596700589
2.918708868518779 3.968310331622105
2.9762415983924972 4.007157678450108
2.9734127705655617 3.9789731048775154
2.9145996296465135 3.9700902527342077
2.9204898185009287 3.96783171807611
2.8971551444151107 4.002176391464567
2.9758664124534375 4.007326081018675
2.904257188451078 3.977143462160588
2.979327077961828 3.9986107593085234
2.8990161045703298 3.9838176917457577
2.896552936716496 3.990014790072979
2.9333498307735155 4.0242821439481
2.9615366204836855 3.9706175090646005
2.9783123562731904 3.9880857766126065
2.945919897002059 3.966041617793885
2.9573202524172464 4.020729234759958
2.9533069925958104 3.9677181315447902
2.950500356563677 3.967014413852622
2.9054792269986542 3.9766555320147647
2.9571587109291917 4.020720800998749
2.929101290290485 4.023437794626601
2.9468663496721654 4.023373243628262
2.942632517271251 4.023877302178104
2.931301069956575 4.023704440677402
2.959699036596644 4.019621509964829
2.914099938866338 4.01877178728855
2.968022872404676 4.014737394892417
2.9697690084528583 3.9764990386905836
2.9618834555385805 3.9712577355939036
2.899233857838685 3.9846917823452155
2.902380031061711 3.9800563091061276
2.9646184220279754 3.9728110873186155
2.904361140237966 4.011703494697047
2.92261512255842 3.9679471122286407
2.9704416012470585 3.977396604034294
2.9768151041979554 4.003726914696317
2.89932451022471 4.004803384764357
2.92920852479402 3.966570024351687
2.973121847941389 4.0095498250781025
2.96328263425017 3.9722693805517064
2.9416054602239017 4.02365492012959
2.9775175495045336 3.988082975037403
2.9307236971498183 3.966425370496163
2.902604148279609 3.9802855684028033
2.962589351080352 3.9719573239872035
2.9760257292997254 3.9847867059863322
2.9185561142810568 3.969456782311354
2.9785455886925383 3.9939470063237863
2.9005546791361763 4.006559438340804
2.9081530809118594 3.975144323782681
2.932208165419692 3.9663584157396232
2.9265310815427874 3.9672564290802774
2.920778717273305 4.02098199306386
2.907606460798725 4.014113455940299
2.89743624981015 3.998125672174454
2.9519358484146965 3.96794447492797
2.9217065107861866 3.968509774480224
2.9374500021058045 3.9661719868319145
2.9693940242070775 3.9768915412445383
2.9265230299782923 3.9673447349226048
2.9250777257194382 3.9676764078500653
2.9182236968806614 4.019955724655302
2.9613247459400247 3.971605332882404
2.8995967018863142 4.004201709923944
2.9022715077344503 3.981327642215378
2.89806003284415 3.9899482510710365
2.947826555003469 4.0225136620716455
2.9555125456739795 4.020512068782064
2.9042221980990646 3.979107853129396
2.913994233033236 3.9718809115849805
2.9174746695750193 3.9702699489339555
2.9202270921408564 4.020475208258078
2.931526899354004 3.966766661485892
2.9659457857811455 4.01522109911885
2.898286765387379 4.000159781984937
2.9549116569873406 3.9691677347648517
2.8980062703215936 3.991025478703711
2.8977757822652315 3.9971888778970976
2.9538434311330364 4.020890196205039
2.941798906009818 4.023104106917201
2.9382186897948186 4.023203708200292
2.976740936190488 3.9883332762250925
2.9425857339955916 4.022949161997394
2.975904517542096 4.003467014957614
2.9247624119823046 4.021585363144313
2.908501471902256 4.014076974968517
2.9731013801738277 3.9816880434367983
2.9481675577209088 3.9676019185532785
2.901823545074836 3.9826935957343284
2.9021322827140312 3.982264447328656
2.9658354120760344 3.974855688806782
2.935984233319726 4.023000008752481
2.9720950397538575 4.009199871586859
2.9076994614755143 4.013285705362947
2.9672769624777717 3.9759882790525323
2.959982445674752 4.018191307866203
2.930593244904873 3.9672450882365338
2.9530983173556553 3.968985566667684
2.9708240302793305 3.9793532641918716
2.9292536513348573 3.967496776418122
2.9765155154822103 4.00091236020663
2.9588526906546035 3.9711309100378758
2.899533535966377 3.9877553836500175
2.9172037177642647 3.970984225297718
2.9420078846581625 4.0226742181260216
2.956206984254035 3.970119514794248
2.903255138245728 4.008463212413834
2.913366660573724 3.9729251366433838
2.963601733736756 4.016036636092438
2.944590132108702 3.9673696826015514
2.904040073221773 4.009334468147486
2.9059642638579515 4.0113352061523955
2.9610317179717938 3.9723432779531587
2.898571481188008 3.9976119440304148
2.910873388399776 4.015214952228185
2.920049815393435 3.9700061461750775
2.9017598202493406 4.006023235881081
2.9430857655728477 3.967306456601947
2.9716201488303047 4.0090445011038325
2.9226195489979547 4.020493790187952
2.9666097879913904 3.976023692979295
2.9020340179138326 4.006302978697834
2.9209333219431146 3.9698425361455025
2.966646147245988 3.9761075239042976
2.9394511208319467 3.9671700367326386
2.8992483602152976 3.99970843590474
2.910668743871683 3.9749192744639252
2.8992121538579902 3.9902713617073795
2.9026511609111623 3.9827629174330585
2.963827504479395 4.015490025511645
2.9748613118262175 4.00366016001364
2.9750316336171743 3.986504941774926
2.9164234940511937 3.971790119436581
2.972677512787418 3.982509903993379
2.945044618544443 4.02195408325955
2.963378804546214 4.0156071920740635
2.956978929392236 4.018803157981904
2.973341337183096 3.983713122448689
2.9070953954157086 4.011648734773473
2.9121475169308675 4.015443075189343
2.966392407133802 3.9763464025056066
2.970776459581737 3.980497988290776
2.9763923251654205 3.996682835327911
2.968498090057452 3.9783075092819873
2.901560771897127 4.004185576661109
2.9001645513674363 4.000695009443209
2.907814510575945 3.977796139242826
2.9746497829502934 3.986976695945507
2.941288977625364 4.021967021169078
2.962616211963966 3.974059717432987
2.9393261212206867 3.967691717659118
2.903539366015365 3.982575617386777
2.9267231941437863 3.9688413770528626
2.9463201720067382 4.02134790149789
2.9015319281624063 4.003694408093955
2.900666520168085 3.988133812005899
2.9004535709431845 4.000938846085567
2.9423429581974867 4.021756655539192
2.900665880749998 3.9883121514522832
2.9033340279911846 3.9831155009319734
2.967635609470507 3.9779643541182246
2.975782206197742 3.99775973247059
2.9021983878116115 4.004618402913499
2.975871129571967 3.9951968686895034
2.914876598587373 3.9733837428690597
2.93190492462578 4.021426980834911
2.9031671818155216 4.005996674215384
2.9690497534339375 3.979529912178499
2.9212121160327937 3.970671354452009
2.915702051400298 4.016698999206785
2.9429239752430316 4.021387168461615
2.910543919220019 4.013394898139448
2.9716810504993814 3.9830419157283323
2.9074612391398547 3.9789556291512573
2.9378264542690187 3.9681410152624914
2.927878824890129 4.020618233838322
2.900608664065528 3.9905269174245106
2.970392165815629 3.981520677725226
2.9665533291864743 3.977678958752309
2.940301676564892 3.968299774312677
2.9165172022673507 3.972946146886409
2.92530382752693 4.019918002235142
2.9687929279250636 3.9798501538944
2.922162872720533 4.019003995950794
2.9002422285146783 3.995219133445998
2.909327639383716 4.012176528123968
2.9744357175867293 3.989062706389564
2.972292223806496 4.005353286964323
2.9182429582867804 3.972210021925928
2.932040582121055 4.02106916885164
2.9314642721493196 3.9687119954524803
2.9245933748826665 4.0196400488912785
2.961601357087847 4.015314185503732
2.9006820888291447 3.9982826451226527
2.900973946871919 3.999545193325197
2.955014034855445 4.018316803189007
2.906060632452854 4.00882236144338
2.9564537233193073 3.9719527997998076
2.9738232806045293 3.9879737516483607
2.919324466401971 4.0177704641436085
2.9168252997443016 4.016657550008299
2.9665866679632735 4.011630256776249
2.9270338888749685 3.96961840376262
2.924427519790362 3.9702545223409147
2.9043816620468 3.9832534674643805
2.9648882174211213 3.9768063112669836
2.9648266593184096 3.976811145962574
2.919681808192129 3.9719125175268837
2.9452261508498365 3.9691342274319035
2.9200021586725717 4.017864351149228
2.954276660855756 3.97134838651708
2.9441422757842735 4.020682436839481
2.955197175904364 4.018004398025286
2.939784288598748 4.021014493224188
2.9369536294922605 3.9686568574240413
2.963571996845796 4.013656554747236
2.9710125655412973 4.006436517314641
2.9331905726446577 4.020804707088202
2.904695233161813 3.983195519896922
2.9744684097215335 3.9980131987759817
2.971943594714709 4.0048211848389865
2.944811078255248 3.9692106892581154
2.963275132362255 3.9759845189151575
2.9048970556746934 3.9831442370706864
2.9738277770125587 3.9894240440921322
2.971054429891807 4.006075430897418
2.9030077309028486 4.003298180913356
2.971900332639498 3.985112409984791
2.96823352823345 4.009456904626556
2.915232365335611 4.01536878454849
2.9294759813571982 3.9695415768845423
2.972104753158011 3.985581553697198
2.9293189131977346 3.96957852088448
2.9611712281355236 3.9748254656256576
2.971070890258531 3.9839245998391375
2.973907878531505 3.9993206848849288
2.968090263895968 3.980313397594572
2.9013704692932736 3.9923636644508314
2.9405215332668684 4.02062776550617
2.936692775407193 3.9690212496256008
2.9549270713028113 4.017635516302992
2.9068376402180727 3.981212894747723
2.9232974539678396 4.018476647201796
2.940132331196855 4.020516534620419
2.9196852905617297 4.017083334493447
2.9020886450474457 3.9902960094994318
2.954194540730706 4.0177194664798535
2.933944907741112 4.020324921514352
2.912445222897722 4.013145845185548
2.9429806487298698 3.9695590895004034
2.905130503386087 4.005742631685997
2.971047362069268 4.0048247743510315
2.9647800913732474 3.977884345177121
2.925762734800675 4.018886574795979
2.9138535444116727 3.9757815193100576
2.9228332686271057 4.018008702779552
2.9028792446045317 4.001095794986656
2.90618037760788 4.007020605176964
2.9508063670230205 4.018527712531448
2.909837488094891 3.9789034438751902
2.907215139820025 4.00816029435105
2.9571866410123304 3.9734782928019436
2.9615594631745665 3.975818606141901
2.9694621215872683 4.006643184061087
2.927463365358673 3.970638061969976
2.9721400782303937 4.0018489516999605
2.968974092766217 3.9825061238184634
2.9191293859567224 3.973307224398215
2.954996874782478 4.016914476373526
2.902317386620024 3.9926232496593705
2.96752192202 4.008646871597329
2.902301580763924 3.995822559315138
2.9044455711394797 3.9863199422493265
2.9069539871575225 3.9824949001109102
2.908818049978661 4.009173041327955
2.9731502797926685 3.995308070561994
2.9661503175451713 4.009741498428207
2.971638247437554 4.00198560748971
2.9374825650482435 4.019775476320999
2.9072700217795737 4.007316422263428
2.9234780952076616 3.972055049909698
2.9613028519831754 4.0134128310263675
2.9322645385624586 3.97025795278223
2.923086182923958 4.017428354556447
2.9226481988040587 4.0172693916877105
2.903585903234842 3.989235375917727
2.9489649066416157 4.018377374920449
2.90792906435799 4.007878042148821
2.9294869398151184 4.018910346499909
2.9728447486984964 3.9943943940177205
2.958668446740798 4.014743363300041
2.9469787059402712 4.018718823147988
2.96971067471995 4.004976044637495
2.9032184052123116 3.9983262622293947
2.964919704443515 4.010417758662858
2.9451043079587635 3.9706946388052184
2.970132000957073 3.9855651351574943
2.9044513169968833 4.002008535349752
2.903133639844833 3.9924252367284496
2.9588305171425224 4.014469289971936
2.9557509624536538 4.0159368628671865
2.9726288678464274 3.9949768675304087
2.909559612838042 4.009238518547795
2.965753846111103 4.009508134116389
2.9032055425390513 3.992433783963353
2.9725683004070254 3.994580398765666
2.9140189431921604 3.9770306744589288
2.9032198731205865 3.995735314549407
2.9532060583713786 3.9729213632009186
2.906625410623565 3.984272939703187
2.923262107939559 3.9726634052101213
2.9551654069188316 4.015931118457036
2.9683239961406427 3.983472593664188
2.9258743503719415 3.9719538952288596
2.953892703038866 3.9732716989501906
2.950914556147661 3.9722921496723314
2.937119142688868 3.970528478715419
2.9595556153919222 4.013624125522494
2.927996521228504 4.018086398574922
2.9069580125752905 3.984212319057166
2.9427840311125806 4.018826128532892
2.9668540006222015 4.00773829047551
2.9541727207893835 4.01613807278812
2.9164414813228285 3.975874067263626
2.906991464830278 4.0054038014587015
2.949842120577497 3.972208672528799
2.9128532924545887 3.9783305743276838
2.908623984511136 3.9822902471102473
2.971599700693275 3.9982242202398792
2.962809174290012 3.9784575301337166
2.906680333772605 3.9851000902617018
2.9665084151632346 3.9819729794393073
2.970642829976665 4.0008704608419725
2.905055411150207 3.988584681134011
2.943100899871381 4.0184969425852
2.9669959306204934 4.006982670342392
2.9714378988532353 3.9920560022314215
2.931782659254352 4.018368298945839
2.926098927579633 4.017269569031581
2.9183723916807844 4.014405839162441
2.968902809860146 4.0042250491537645
2.913794954054054 4.01165785731239
2.915054085478837 4.0125091113361835
2.91079606319643 4.00919054061136
2.9204763042064164 4.015283032963412
2.937280615658546 4.018660206949046
2.9043937849898764 3.9979508482788932
2.905364723129331 3.9884000240912028
2.9692391396084368 3.986312589468147
2.9616236469254584 4.011632154572635
2.9538217363050387 3.9739534820368636
2.9702227309286418 4.0009662622874345
2.9696097632434437 4.002388880660627
2.9688929282018446 4.003707456533284
2.9695041912253477 3.9872537632459046
2.9155576516369797 3.9771548873756286
2.94260519194365 4.018201790250164
2.9161000215763155 4.01268477805233
2.940541949497134 3.9713526331074083
2.9293259725648557 4.017541861660421
2.9104564013621803 3.9815846881695176
2.910217752792008 4.007826429477911
2.936321105356283 3.971418583486645
2.948036886855015 3.9725600058614132
2.9074612226330636 3.985682170800663
2.90551765825796 3.999434362606655
2.923004174234243 3.974058994932934
2.9223210036973097 3.9743304978366325
2.9153601234537407 4.011768659270775
2.950399295963473 4.0162411252514065
2.9638905946851644 3.980773698458286
2.9628098862628938 4.009757498429621
2.970298361837812 3.9975095425787495
2.9414186099401385 3.9718578446886887
2.9601651686034867 4.01164991810779
2.9694315678065806 4.000550773999815
2.964234826091887 3.981339559977581
2.934688153583889 4.017737540238093
2.9154071655218883 3.9781528105823956
2.9419978505127764 4.017592751808381
2.946959981864443 4.016852317285705
2.906172018651898 3.9999515350904336
2.966593313274511 3.9842879692052495
2.955758109415924 3.9757685442738384
2.9221523475753934 4.014817152155784
2.9059838716390467 3.9911079957562507
2.911692535475371 3.9814389472467098
2.961158018695484 3.979145808973495
2.919810964803 4.013688171036209
2.965880256635553 3.98383361236444
2.9182253208430744 3.97684189875299
2.967496769633764 4.003371816107988
2.96077994990984 3.9790159035691297
2.9684314289602636 4.001503008334743
2.935302699087317 3.97222857818395
2.9665325356679375 4.004837193092875
2.931880755464034 4.017025131359693
2.9062669402025936 3.9983778448052547
2.909816917823477 3.98397073726626
2.9694763895926797 3.9924650393453454
2.966391651427425 4.0046491546657395
2.909329689468223 3.984878382556839
2.9355684272108724 4.017149854715915
2.927069965660176 4.015873692547629
2.9630837592921977 4.008300016411941
2.9641420806747156 4.0071793249803465
2.9217043810707026 4.014035320350203
2.923118075274333 4.014591828905665
2.9062648587123237 3.994876307313069
2.9685612402803736 3.999676535028946
2.9188874699147664 3.9770297127227665
2.9195682000941057 3.976738146483582
2.913267915002671 4.008660506159705
2.941711222935401 3.9728350695375125
2.9582965369723575 4.011473371135595
2.9614286981989273 4.00925178138276
2.963666310074432 3.9824916715075522
2.9158394879105747 3.979213544581544
2.907270526980494 3.9990430215140487
2.927824098160286 3.9739895796261226
2.954093645093956 4.013503182113381
2.92436108140023 3.9750137613605623
2.9209228087500803 4.013222250556439
2.922446791206608 3.975762801807824
2.918790022893547 3.9775303706177363
2.914948877998416 3.9800676589437285
2.9427231235473634 3.973211757631198
2.910504221193482 3.9845753990215598
2.9440382694262563 3.973402796469501
2.9653526519134488 3.9849296497323516
2.910352452008245 3.984805477011093
2.9186765031538005 4.011951857010757
2.9636516056209032 3.9828706138124663
2.941712874086635 4.016446262379309
2.9073617031064636 3.9982827863695762
2.9431679565191384 4.0162303674984825
2.959236809420097 4.0103637198706625
2.9613311190708584 4.008697590727271
2.9639612912845332 3.9835972384211233
2.93047575021601 4.015785571995675
2.907291843618749 3.9945246169282993
2.9663079257784313 4.002436644740659
2.9560487229532244 4.01205626305635
2.967696171456102 3.9989128022316374
2.9447411874035834 4.015707692379031
2.968025688801737 3.996927199957841
2.9103941834826115 3.9855853642877603
2.918593696444893 3.9781981306651995
2.967151300751884 3.9894133407504304
2.9254260346945378 4.014372988522831
2.937534987831698 3.9733627935224924
2.909921628991402 3.986458955488752
2.9077115797583906 3.997103824624026
2.907891040852497 3.9979691762345344
2.909423985423889 4.002156989471981
2.9400357238202273 3.973491998149463
2.915592227478156 4.0092276996078215
2.965337683147999 4.003489154691699
2.959179034877526 4.009789003643352
2.958111779098798 4.010503062675211
2.9479757317425137 3.974775192002304
2.919935098847385 4.011911302562502
2.9265523519301833 4.014521046812019
2.966238832405181 3.987981333958108
2.9463876064310797 3.9744573790255497
2.9266144672908596 3.9751094433657292
2.9654087819626938 4.0031174858213845
2.920585912870969 3.9774477021443433
2.9677530637014637 3.995741843005364
2.9522553290661606 3.976281897606024
2.9291709138073947 4.015012710339654
2.967354771032219 3.9976506026592156
2.9156991932582574 3.9807303070449414
2.9308763688429913 3.974371163590228
2.942923838356738 4.015474908247681
2.946963587044675 4.014757974325624
2.9632605258988916 3.9840186441264915
2.9607851041898083 4.0080432494856675
2.91626658523474 4.009200190626298
2.9388698690653574 3.973897521967636
2.954724506859956 4.011917658431859
2.9298664280118074 3.974702186453153
2.9109533608482785 3.9861824315163794
2.9667942707678523 3.9910194921460205
2.9356905485246703 4.015575941326385
2.9646118299565565 3.986155414971668
2.9098153584128323 3.988392946033479
2.966175584705566 4.0003047962398215
2.9363195761887138 3.974044304571911
2.9497047252729045 4.013779457069656
2.9585573824751377 3.9801140760799947
2.912081943713833 4.00480943526107
2.9398129453837707 4.015470651400012
2.9558945567043153 3.9784883810643135
2.925376148249028 3.976028021641998
2.9662012568932394 3.989700761686229
2.947917668139624 3.975354832370164
2.9320602622627696 3.9745456026051285
2.909874333923534 4.000824601060681
2.9099577478362737 4.001001706514103
2.914857038018979 4.007538107743383
2.955330209961706 3.978326843321777
2.929231744600152 4.014482324851833
2.914095226986581 3.9828421218290573
2.909350711351162 3.9905313880332076
2.9539935817286227 3.977704456516892
2.966685041879689 3.9925539557643046
2.9087928177489597 3.99542664796921
2.9586989457555184 3.9805611599228117
2.966708946343966 3.996537249534377
2.9582340440487194 3.9802507960992903
2.9211460354766516 4.011561993753892
2.9658989811314456 3.9997378831204515
2.9118561173684703 4.003840671283517
2.9612813397265345 3.982866194048469
2.9163376144253137 3.9811071655365233
2.963027527744504 4.004756731666662
2.94676728511683 3.9754158788999527
2.9340863019303525 3.974610315048499
2.9662789867655586 3.992081598322195
2.909226961740821 3.996205498279513
2.9382560354482523 3.974543802232487
2.9469485871962195 3.975635672209901
2.9537025390459544 3.978014847013309
2.948624636661368 3.9761276566135715
2.9097660478208387 3.998426538635069
2.9104460318860466 4.000440859745845
2.9622265239084906 3.9844719165225406
2.9374556886298793 3.9746759812821524
2.956319067341995 4.010040135295954
2.9508605703777055 4.012625212399208
2.909432667850009 3.994419226254192
2.9112638458401365 4.001815807870745
2.920923488191841 3.978714528509495
2.929611895587957 3.9756469725863175
2.952885561432585 3.9778945666756638
2.964497425335235 3.9883438602833636
2.9463403297090958 4.013776690471892
2.9125013475278165 4.003327374679615
2.9368829752711116 4.014578356381568
2.941478905836476 3.975147470363181
2.9354833014057418 4.014518181890355
2.953577834234321 3.9784524222115496
2.9421840350284887 3.9752619317604507
2.9632580790572884 4.0029388912194594
2.93594880052287 3.975089231840572
2.9232759883625152 3.977941202727843
2.94636645586621 4.013539102477867
2.9558146742774456 4.009788543198075
2.9193792468476047 4.009500486972574
2.9348861982544934 3.97525396697409
2.92698016458864 4.012856646743989
2.962885894554912 3.986414905659008
2.9255747068142837 3.9771868729101234
2.9652486146530563 3.9975763166903944
2.916560130858718 4.00734705799524
2.9331890681323896 4.014073964886642
2.9266878209801837 3.976873623887107
2.929622608790392 4.013460516677675
2.9586428936054943 3.9820129771576926
2.913922813792103 3.985044288499041
2.960725565170898 4.005580812794275
2.925020793193202 3.9775485381122015
2.925837486091533 4.012287127938816
2.9634822283243185 3.987935662531676
2.9616405524595404 3.985180184210921
2.9261537293027784 4.012313593315776
2.955569754695721 4.009507135955314
2.940027932250728 4.0140463619958835
2.9645880037106336 3.9985601980678744
2.9141536065179268 3.9851536213393346
2.917117697766299 3.982199968470857
2.964966470030816 3.9929712024037967
2.910630548339994 3.993601150930095
2.9426302703806497 4.013722418489057
2.9106610193946754 3.993720654952157
2.951295626455316 3.9780983594305903
2.910867394930961 3.9927079603289832
2.9565002391492063 4.008614955802939
2.94561926056158 4.013083906453024
2.9642008044504804 3.9906663668109092
2.949982165290014 4.011844870974643
2.916255646204193 3.9832487766917275
2.960833565191842 3.9848189761795805
2.9110911556094954 3.9920685072611577
2.9387542751983564 4.013823408153681
2.9423877491956905 3.976058388769261
2.9110289204320066 3.996271471577959
2.9358536097405303 4.013702926975798
2.961523169419133 3.9859429035466305
2.936164351904723 4.013700384442899
2.956221181784098 4.008555802362031
2.914330237357542 3.9857357269968263
2.9151215526883134 4.0047908887060775
2.913694435582037 3.986633462031684
2.9340799143789646 3.97607775743544
2.911635837239672 3.998424741688649
2.962958819883632 4.001029009983071
2.9119627589401267 3.999394895610131
2.911317031890403 3.995850925001059
2.9589952191869218 4.0060305013547834
2.9114637610636125 3.9966442808305533
2.9500768807325146 4.011293710168211
2.962716025968144 4.000881156888706
2.964044334722771 3.9930593763513196
2.914254655946511 3.986477556136157
2.9440836149319227 4.012825284769299
2.9490058882040633 3.9779700168978227
2.917083172673158 3.983380226504276
2.9125824044125364 3.999917046166645
2.9277449408876626 4.011895737017761
2.962046032310173 3.9877218965896266
2.9301601409338636 3.977094601937376
2.9635150817316984 3.998076448424036
2.9443461060326075 4.012596323216533
2.9237667708532564 3.979266994836429
2.912068919475206 3.992251336788007
2.9626411655276366 3.9894040610338295
2.914486492191247 4.002689452756535
2.9620953427561214 3.9885351190455176
2.918448660909663 3.982677285788243
2.9120988473200256 3.993011583269232
2.9426654777846792 4.012688776391181
2.920673563657476 4.008381402061288
2.9127485300997398 3.9989904297327676
2.9621380992632282 4.000731862469486
2.939499693986862 4.012883297269154
2.9139548676572744 4.0014945718440975
2.921743960438918 3.9806281455427666
2.9131059873383025 3.9996271494050823
2.91580090368833 3.9855028315015693
2.9324563914001276 4.012446288769013
2.936786385374352 3.9767137390406586
2.9609437697090564 4.002421473909527
2.9125095034959387 3.992329528930099
2.912691055705387 3.9915377588110164
2.9632999862826197 3.9945048313707856
2.919960165809602 4.0076407531550196
2.9156991870108975 4.003701573198669
2.934030183013834 4.0125532076371
2.9622085024576803 3.9997941798662207
2.941077850754468 4.012585747649106
2.91325265528287 3.9993210994613486
2.9492937089474363 3.9787714976838764
2.9157585134288935 4.0035466158486175
2.9126085758965963 3.9960304540164797
2.953276718198477 3.9806982777488455
2.9588066882617663 3.9849342704802115
2.9520664602367566 4.009454280220315
2.949290089234009 3.9789211860078004
2.91262766967335 3.994489009981356
2.9602157437749037 4.00288114908001
2.9237254802125867 4.009476248815821
2.9154831138994735 3.986650784824482
2.916414328044371 3.9855467927762516
2.9399612209557358 3.977165378630834
2.929872485071872 4.011507633854718
2.9445561935728315 3.977793818033267
2.943348717867818 3.9775764467658403
2.916605262232523 3.9854999048240023
2.941539687730838 3.9773516206011488
2.9547505411619577 3.9819127712893705
2.924582716393424 3.979900756197016
2.962177782699812 3.9981479622879803
2.939423000537696 3.977245430994315
2.926205881410937 4.0102907428106
2.954249874927953 4.007895539216857
2.928302488370706 3.978588304546804
2.918525221278683 4.005695116339137
2.940110285851732 3.977378627218147
2.9615848499475335 3.9994732899956444
2.942411363225077 3.9776325745598284
2.9558839812700954 4.006629190931718
2.9131862658938883 3.99560703432138
2.921479252287036 3.981743318974893
2.960812461409954 3.9886137255300413
2.9429486384146193 4.011765831025599
2.9150072368031505 3.988291089287533
2.9181412917597473 4.005159517307214
2.9280428821248954 3.9788740037524803
2.9621077925692414 3.996966915243661
2.961718385995682 3.991226328301229
2.9603094536141366 4.001453440001629
2.9439475471343353 4.011464407516271
2.9262656008384926 3.9795648752286312
2.9199040352772574 4.006467920322694
2.9475497505606745 3.9789723702337647
2.9237592443827918 4.00875247146319
2.935369189832083 3.9777631470903363
2.9396764505658846 4.01178479830189
2.9573710271237723 4.00473039225754
2.915637936542584 4.001438724333671
2.9269546594292613 3.9795646146144503
2.956644006245959 3.984290786661013
2.918669007830028 4.004895762938416
2.959546030791765 4.001786634344197
2.913964279696344 3.9938215926990557
2.953391957520246 4.007503592412312
2.9609430431104644 3.990838779998577
2.9615233869145947 3.995991319442443
2.961502095097365 3.9958429121080212
2.9554100046910383 4.005931422246934
2.9614533102334133 3.9948660923020887
2.957670929520775 3.985716935686437
2.933411355239237 3.978394354783876
2.961201408189082 3.99669609983074
2.9340322523315745 3.9783941703512067
2.949011510489301 4.009300945499627
2.9568233267835615 3.9851392509691266
2.9367083136898913 4.011239220855797
2.9586007737673303 3.9872839706947216
2.9499413502834186 4.008845344036708
2.9416648206258325 4.0110234418495185
2.9170338046860578 4.002240761473065
2.953753870198465 3.9827556759898
2.921187584904805 4.0062916777394015
2.935237719652039 3.9784115756928076
2.954641077663668 3.9834433671271654
2.949741382926772 3.9806920283098632
2.938604923598156 3.9783812495768185
2.949805128801752 3.980763064747724
2.9605332044707926 3.9916900720207513
2.9272236410098103 3.9802168184824662
2.938148858817799 3.9784319819594933
2.9202770866830168 3.9841856268390092
2.915346256708795 3.9982630801380887
2.953221827479902 4.00680869294423
2.929052754444506 3.9798014033828593
2.9558752159448227 3.984835417638131
2.9602829452110417 3.9977003622646814
2.9499009002863987 4.0084528094998255
2.915352533167021 3.9919340810377992
2.9577516376875495 3.987031007193657
2.9602478183365855 3.9970853123114054
2.938843368125235 4.010765833816869
2.9601978138406193 3.992358412372608
2.9249459764490346 3.981573697656785
2.96034142614774 3.9937993235617024
2.9208763845154975 4.005311272460647
2.922963809766035 4.006721695977144
2.915410811760935 3.993375107214807
2.9156237441909205 3.99255614622573
2.959814328735742 3.9975355548977403
2.956152049010025 4.003785672658264
2.9180677437632294 3.987346666698408
2.916497637828895 3.9901514058606855
2.9155311301872224 3.9944045520604936
2.9205591987556763 4.00467325607898
2.9503297404541415 4.0077354255570405
2.953090703663084 4.006159401162668
2.9161871588618866 3.9911810454920467
2.916741019824338 3.9996923728207276
2.9599803666234377 3.995177029011171
2.9168726313096913 3.9998882402227283
2.9363922367301765 4.010371261813382
2.9546349205326843 3.9846210016544803
2.9200593269908603 3.9854861334555958
2.91951457017773 3.9860626406826496
2.935711948919217 4.010237883710443
2.959710453226415 3.9934256405387814
2.9522998919754495 4.006407208193956
2.9475066436201756 4.008667382973491
2.9382355072312376 3.9792769309342075
2.9234572879951184 4.006418356899548
2.9502692528202386 3.9820637092181297
2.957773832475954 3.9885915148717075
2.9321215150827893 4.009557021562334
2.9443522123722063 3.980126091463245
2.9593731928860603 3.9962693844919226
2.9178039323070855 3.988971543436088
2.9564805064070017 3.9871366763653797
2.9590016467281717 3.9975320061506436
2.938823610817921 4.009957284888821
2.959120617985585 3.9927777681273833
2.9569673766617797 4.001582756650671
2.946231005015191 3.980799686768199
2.956463865646102 3.9873347152222847
2.9174455792488425 3.9900929610013143
2.922754717246046 3.9840299502768173
2.916468697177757 3.994769041916154
2.918827027833851 4.0015502328796115
2.9188151788654677 3.98815763052147
2.9582615036806996 3.998497374557058
2.9565630931809133 4.001569949028834
2.9337766627468422 3.9801347307640995
2.951707220773491 3.9835729940638136
2.958195001187894 3.9983205007384464
2.9561807634931285 3.9875744270301587
2.919938871268015 3.987005673239859
2.956856672080275 3.9885953097660294
2.9191885722012865 3.988090844742143
2.9527479504371517 4.005047970376811
2.9253348441136535 4.006572570070312
2.919542536278994 3.9876373398875087
2.9465726698589156 3.9813742546564934
2.9294042593706173 4.008235971670421
2.9181897853120113 3.99973453357324
2.9205567940410315 4.002996083708926
2.927409323477901 4.007466056826792
2.9228084592175954 3.984607053332268
2.91715166898765 3.9961568853751595
2.926619120253605 4.007055006622668
2.929415486884573 3.981381461215469
2.951856437927294 4.0054750025221555
2.9396072243491784 3.980186863885465
2.927500712121685 4.007376740109042
2.917210457775783 3.995190816778411
2.9326138274882774 3.980665036341483
2.95240342591517 4.004917014769496
2.924154916077483 3.983947360989801
2.9407383070848607 3.980421048423113
2.954801692187063 3.986688838256169
2.937239520270958 4.00918802407318
2.9581161882201124 3.9962934692016496
2.9192755475628744 3.9886916106310197
2.945898009322248 3.981495016363877
2.948800045467688 4.0068657125796925
2.9296335941420812 4.007923160366753
2.944526738339097 4.0083169540409385
2.931005323318441 4.008261096315909
2.9274109019621717 3.9824354508212174
2.9180442446777604 3.991688728740217
2.929218678181542 4.00768700592444
2.9214239348588515 3.9863782866204285
2.9553530889141797 3.9876672538708045
2.9248181390095827 4.0056867907931775
2.939393277742483 3.980518801349941
2.9436447397316714 3.9811435606722028
2.943962946559113 4.0082387211054025
2.917802927145214 3.9943380910638653
2.955549536780086 3.988244380999178
2.9293056135783226 4.0075133127159095
2.9269614570707123 3.9829418932650102
2.953606904003929 3.9862030082068993
2.9197627920037834 3.9888654185300796
2.925699464931591 3.9836059567944924
2.946641608537938 4.00730439839308
2.9347826297951576 3.9808884923810393
2.957425980397026 3.9928506214367445
2.9240911202646105 4.0048293208338155
2.931194099105496 4.00790295436091
2.937168184344397 4.0086997805698905
2.94453584819036 4.007859111857014
2.921827608732098 3.986641928646304
2.9534206616141434 3.986449799274694
2.9208925663466276 4.001621847404422
2.956251429384694 3.9991772276236737
2.9533638118397363 4.003032777112789
2.9214891539802483 4.002213004883254
2.928593537406617 4.006820470962475
2.9301605768674914 4.00735436696746
2.924705027071462 4.004835729616402
2.9217604331736338 4.002300686240006
2.956811872273695 3.996990773106091
2.9217324494457553 4.0022201089852265
2.9461037380586985 3.9824760241660906
2.9488644880814734 4.005859788792639
2.938785135055139 3.9811926493544467
2.9201095802127313 3.9895529765087048
2.9258788046797863 3.9841557501153826
2.927209809062835 3.983659881654207
2.945928678462384 4.00679982314028
2.954022939499576 4.001594205976038
2.937556205815274 4.008087989470594
2.940446725705197 4.007922845942419
2.9346777592268443 4.007816548481854
2.919059990505921 3.994841137899347
2.953559171734792 3.9875785808061193
2.95081011549478 3.9852556273563398
2.9199446716705006 3.998617885452615
2.9494502398690496 4.005020746892261
2.9205498075431087 3.9898726115880994
2.9215041884974937 4.000942918798277
2.9343431081361384 3.981889531885929
2.9195947515575904 3.992571059481667
2.9522552937331152 4.002872217596388
2.925855616618991 4.00468537170927
2.940225787425625 4.007664477493998
2.9202793186977347 3.990687703130366
2.919409731337481 3.9953808149070875
2.94038834406491 4.007620757349689
2.9424344722122635 3.982155656435191
2.9547106698874757 3.999830020294598
2.930051107908861 4.006478448394448
2.938465540369643 4.007671957862334
2.9560244842246357 3.99597319309859
2.948088545898112 4.005409569180681
2.9205434941631614 3.998927182829932
2.9196416630329587 3.993823905889612
2.95127220717316 4.003368323931262
2.955769334133334 3.996562406824852
2.9459843457051504 3.983281544117447
2.95512731630762 3.990970733688266
2.943106615389422 3.9824894058154787
2.9377687800346655 3.9819465847790516
2.9465708328408144 4.005916822026888
2.9286656208558077 3.983756277619015
2.9472954269039757 4.005398875060028
2.920015507179075 3.995165443422482
2.9433860813066075 4.006587176600361
2.9468749077620933 3.9840301257192854
2.9295733202345096 4.005741950486083
2.9552679515197884 3.9963140789829317
2.955040359249196 3.9922405701375467
2.920258785381038 3.9953169673503526
2.9343822754400395 3.982595115875495
2.9463313744130426 4.00553845342208
2.926456983488869 4.0040861793425915
2.9504531661430367 4.003205650993535
2.9207780521018596 3.9921530043489812
2.92179929967799 3.9899426675369827
2.9428421868067605 3.9829823439398186
2.951002318853762 4.002662953331605
2.9206586375382324 3.9963490593300994
2.949032429656484 4.003986678399725
2.9338446283344672 3.982872600460004
2.9404015230104203 4.006746178266307
2.9394049831143825 4.006792634873504
2.927850348621353 4.004503681906472
2.920840730527487 3.995565913560428
2.922345470229925 3.999733947661011
2.9472242158700097 3.984774118874518
2.9546451231677207 3.994236987443071
2.948888748474967 4.003706386490332
2.9338229426259392 3.9832374504453503
2.953022973058059 3.989833575165449
2.95380879220735 3.9981453546057084
2.9287791112519197 3.9848073440108474
2.9371499494212587 3.982965827258436
2.943657940568658 4.005718475906234
2.9299818861837457 4.005070924500809
2.936432303482062 3.983047173354626
2.9261425923820013 3.9864065798875226
2.9337829136069042 3.9834176408480158
2.94697013336291 3.9851029402963016
2.948182945532884 3.985743426844838
2.9537129012041414 3.9972300574171236
2.9535528760713947 3.99769280002129
2.923828277998781 3.988870090216901
2.9272931805285656 4.003465502978212
2.9378478535495023 4.006173574911731
2.946400318516705 3.985047955546173
2.948469897942746 4.003224453352737
2.9398401242373358 3.9834737581789827
2.922191658674178 3.997128903609674
2.9285742399280656 3.9855616170290875
2.92428262958257 3.988830023198062
2.940225399806558 4.0058187851328935
2.9525626727873515 3.991015873297829
2.9290833271616683 3.985531945694656
2.9241758833365816 4.000157524305147
2.9525045349046026 3.9984845620558356
2.9432604484657237 4.0050818989041375
2.922239387726249 3.994871776841208
2.9359344526076874 3.98380476476531
2.9424463283526707 3.9842270751709825
2.933846984860259 3.9841351575307278
2.9241524948762065 3.9896165991430417
2.942549878158733 4.005112776561201
2.9475234568095674 3.9862560484781273
2.931328002372907 3.9848685942285806
2.947991979029694 3.986689283209959
2.9450111784669875 4.0042322048000205
2.943699579413994 3.984780579622788
2.9291859154733753 4.00361245362212
2.9524994342854067 3.9975323037212913
2.951514113429173 3.990140165884941
2.9441093367388604 4.004462924683212
2.9328036003625133 4.004832531192182
2.9238515593623338 3.9906382596511065
2.944774641232866 3.9852606723003263
2.9234343114844568 3.9917380599385184
2.9254093038915503 3.9888742340316607
2.9240123471349904 3.9986880350166736
2.9323301788886442 3.9849706320214304
2.9375743823637253 3.9842713729303414
2.9452961962552666 4.003691305012832
2.950542665389806 3.989515395960044
2.95157198388939 3.9982448801430386
2.952388477678147 3.994033158452596
2.9462933360966796 4.003109334476067
2.932063735380315 4.004157444111983
2.9403110206462286 4.004805373606679
2.9276498168048217 3.98745793772787
2.9486739176701615 3.988220333478567
2.9347335475573666 3.9848983769797144
2.9398354922851757 3.984779899555566
2.925122578245985 3.9991796488722633
2.9438754342403066 3.985725509629457
2.937427917301076 4.004584332676048
2.9294457263764517 4.002602047900102
2.951049607844025 3.9977574317983637
2.925556427377891 3.9993453459814825
2.9490498465120494 4.000424841690832
2.938996595430496 4.0044471305147455
2.924049446907813 3.9952079488020873
2.9364464588262225 4.004398421790553
2.9503976479591536 3.9985987805525856
2.942562823171506 4.003829013549368
2.9412440242239435 3.9853593720800435
2.93344502152907 4.0038872508060015
2.924307140425487 3.993200738801402
2.9354189328901774 3.985222661145062
2.945774207742036 3.9870749596172788
2.931108292342258 4.002937775590976
2.9501993869462124 3.99827671315272
2.9419575637605444 3.9857340707046873
2.9253891093378193 3.9981434262494013
2.928614380534352 4.001381989306491
2.9507824194857895 3.996262686451595
2.942964447908474 3.9862179705140672
2.933648238233339 3.985967791445016
2.92638781450206 3.999163103878515
2.9429470738826713 3.9862673639266832
2.9251735766409412 3.9967397154395226
2.925880430169903 3.991577684812749
2.937338347616379 3.9857303131402935
2.9291992987480118 3.9881227240060912
2.950420299942789 3.9937484654480904
2.9394946454613455 4.00358895152726
2.927529857601508 3.999880306741732
2.9433989612432745 3.986792207648757
2.9322673687333447 4.002596614646961
2.94981514471591 3.996896594860945
2.928638375489572 3.9888335033562012
2.925518081083376 3.995686271583309
2.928740995965668 4.000657945850482
2.9345846379316773 4.003104414779196
2.948118628433761 3.99006466961966
2.9459829478402506 4.001134673416761
2.9455246565398086 3.9880630973136206
2.929533119718026 3.9884341439640068
2.9377619428299107 3.986142800959139
2.9499186927248293 3.9949840331893984
2.9459016353315537 4.001049939237565
2.925809956720334 3.9945845711487795
2.9263315560638703 3.9924264575412205
2.9497022436304943 3.9946601120920393
2.925982758829548 3.9953444836990486
2.9492110373260845 3.992497476676788
2.928586100642957 3.989523872038081
2.9372831835516964 4.0030350925467975
2.9413293782154053 4.0026292423625
2.949520258413307 3.9950020918827027
2.9476135213343846 3.9992243270847174
2.9494075096831027 3.993682050777802
2.9469366065842486 3.9895532883434717
2.930813021823049 3.9881445469301817
2.94655991924217 3.9893056143091172
2.944167042082767 3.987978227648581
2.9485727005856703 3.991977288026898
2.931000618287082 3.988357079094704
2.939393257509582 4.002445117175827
2.927709117449035 3.9916197381354572
2.9278944577247135 3.9980956428410828
2.9275677869273666 3.9973523161077713
2.9380235700610955 3.987093306053625
2.936934771004192 4.002307615547874
2.945420002251255 4.000042509525592
2.9271811540927177 3.995437142736148
2.9329159949018497 3.988043027935287
2.944211971459103 3.988733308257272
2.9274096879926255 3.996037527525267
2.929706275948871 3.9899699268442275
2.932992966811904 4.0012712593525315
2.927542026930748 3.9936888261334937
2.936278949377997 3.9874866620560994
2.9369652852853436 3.9874550555642996
2.92780428319255 3.992981971351803
2.9398334579406176 4.0017512928344665
2.930186429882343 3.9899606923437565
2.9282404525545376 3.9964678827799025
2.9387755384351086 4.0016528792461745
2.9325390127701345 4.000590906209097
2.928175513125778 3.995966818639565
2.9289326017173685 3.997613506620574
2.93470462613483 4.001195133982853
2.9401731910181104 4.001310483877604
2.942177066215242 4.000758526713561
2.937548654824252 3.9879526953057103
2.944140931363228 3.98966510188927
2.9334593202248467 4.000699081790568
2.932407371188242 4.000152788904157
2.9437499076623332 3.989585378891716
2.938386341580523 4.00131664231817
2.933241286635165 3.9889528760623976
2.944250243880424 3.9899582861346037
2.929373857620175 3.9974371842702503
2.942537814712953 3.9891495943378446
2.945062634584152 3.990766253736975
2.9391053443917077 4.001105798315697
2.9365505144409205 4.001094144013778
2.943003766614635 3.999911451203833
2.9298951456382616 3.9917069217467205
2.930969099231335 3.9906048287992975
2.9441531868865454 3.990261704711091
2.937861201797436 4.000948668605611
2.9306817433155192 3.998358003269908
2.934987010575049 4.000580996970269
2.9462864029859617 3.993204613113408
2.9424013313319293 3.99996319607608
2.930239152457552 3.992087969215529
2.9294786398116193 3.994193491688061
2.929910093520383 3.9931329120766854
2.939989578448554 3.98919225823734
2.9417090562018733 3.9997123866411743
2.9458646850027517 3.994408064600941
2.9329301446092653 3.9991593942140335
2.9299940454883124 3.993627215875961
2.9405671487578777 3.9999655863047563
2.931587536524053 3.9981476517213728
2.930214981984949 3.99608296676448
2.9364787431733124 4.000147556394079
2.9364466651069296 4.000123127473376
2.940626311543932 3.9895943883234084
2.9377480858719007 4.000192770733412
2.9310241862055837 3.9920511342129306
2.9431938484549978 3.9908365367361704
2.944078284243799 3.9978299782153934
2.9436151288391006 3.998247222599135
2.945055391651701 3.9930139373469373
2.9370353993193583 3.9893394089360763
2.9334634414341796 3.99914038276487
2.943579602502516 3.9912169134515723
2.9357791567612512 3.9895385565885215
2.9417464003299965 3.9901560856434743
2.94215986575706 3.999042465418965
2.9408986686410783 3.999545755131788
2.9307071375607725 3.9963292375903947
2.9305548675928783 3.9953970913135057
2.9334230469988465 3.998754805387119
2.935977553244667 3.999604751609913
2.9309145724355536 3.9959745430778475
2.9324402503912457 3.9978609790424735
2.9321509666564167 3.9972567883228405
2.935326019320228 3.9903301936337425
2.9438297321121305 3.996633770977531
2.941513369505543 3.990843703223468
2.9442716031925857 3.994289176218646
2.941525844357953 3.9909451965384086
2.9430457422785983 3.997354759329995
2.9349236994021117 3.9906689762394407
2.9323586681260414 3.9968610051692726
2.941584366898648 3.991279702922772
2.936747557178113 3.9989709221842396
2.943407828066304 3.9934411329507675
2.943109893065557 3.9930016210771635
2.9421993041919396 3.992062094850412
2.9359756746634122 3.9984469651025827
2.939917366711269 3.9910912758304837
2.937021530082218 3.998549834273005
2.9429676807826377 3.9943115838579497
2.937915591897985 3.9911482222168178
2.933804999358398 3.9968327675863313
2.939518280959179 3.9980099688491144
2.934399808444301 3.9925419702337592
2.94225750829182 3.995179821557656
2.9350419607466542 3.9924310333549373
2.9357229926385457 3.996877928129231
2.9349444213971774 3.9961983094113696
2.9373891206309306 3.992261317984625
2.940109784454842 3.992911088549124
2.9373103029961793 3.9970776297180044
2.940785625332823 3.995770244973955
2.939338257257657 3.996412653545169
2.939257181080157 3.996270494162415
2.9399153044414454 3.9957918584164642
2.9356469139541392 3.9938552816200334
2.9372422682263215 3.99620446393301
2.9374195285487033 3.9936815443692657
2.937199516479134 3.994502448037439
