mass_ratio chirp_mass luminosity_distance dec ra theta_jn psi chi_1 chi_2 geocent_time
0.5979216972674113 26.180873382171825 465.4436273880344 -0.7593479082754945 0.7784963004641273 0.8692664301450356 2.830725205960419 -0.03728375088590062 0.018280599082714608 1186741861.5329318
0.8464709120606464 27.244281079929277 928.4566382406438 -0.22308371849455322 0.7451412943055554 2.7588242416446795 1.8328359843591557 -0.15601760374366902 0.36818801794937256 1186741861.5435038
0.8586377757326349 26.77046682847538 573.979164109777 -0.6330085857595187 0.8545986440126424 0.9044487702849403 0.8394043391282722 0.0588462695291434 0.03056449030966586 1186741861.535593
0.9212449125011063 24.79896414402635 494.2213859713806 -0.8570572750484257 0.8250857920248224 0.8015364552709301 1.0985018155491224 -0.007770170842433662 -0.27218227697869257 1186741861.531326
0.6714194417744115 26.19462902051157 502.3454649282099 -0.8206231411004141 0.7916125274400445 0.7780452819534358 0.46407266584500856 -0.008020049868302851 -0.029482044890209436 1186741861.5314436
0.4285452501485066 26.24218367136801 560.3277489210391 -0.7314686784098527 0.83025141892671 0.569452910528969 1.343441959484026 0.0755748295536974 0.2504242534408254 1186741861.5335922
0.6979832759345956 26.371400153745903 412.43675570111947 -0.7114397854871367 0.8128536850681181 1.1199344479813111 1.6984638588596754 0.15319588881841362 -0.16530713841438177 1186741861.534423
0.8531395614867385 26.50833397950001 638.3844188493896 -0.8127376247031096 0.7926599104328282 0.5067748913447285 2.389010185313183 -0.008601735794385236 -0.05655633159245047 1186741861.5323386
0.7104223263073912 27.47868767000932 388.90191995151235 -0.7999316186228242 0.7753279387780437 1.3559928227761684 2.6329211517095796 0.004706914034460643 0.42317911470785635 1186741861.5338857
0.998729978723326 25.86432132060741 495.96146339993163 -0.7557395087988106 0.8381779764835872 0.8117386192698174 2.7934661813295656 -0.02865444618741686 0.019027540393290066 1186741861.5336545
0.6557216825614403 27.410122196537408 565.8970439127785 -0.7808416870245567 0.7874136603389882 0.7489494573422578 3.073082468338908 0.012180464816023081 0.3185993239547953 1186741861.533016
0.968617293271682 27.907057390095982 491.85293832618004 -0.7481851153927803 0.8367768449614696 0.8274522392595933 3.091957108817463 0.06553614348544541 0.2636881076830651 1186741861.534049
0.94372475143984 27.084946820934633 532.2724496639754 -0.7567507482528115 0.8337581801759227 0.9396973320928227 0.7003556627354868 -0.0385004692485094 0.19296338630119284 1186741861.5339253
0.9805039505360651 26.82411478150493 539.7348476186619 -0.7153435469536071 0.8406875901582627 0.9148254813295537 2.5687678873577324 -0.005437481013112922 0.03419110993539869 1186741861.5338855
0.7931945810836452 26.960882660853958 539.6871601603441 -0.8477931050943445 0.7690293238271275 0.4188662964658983 0.4377387009862702 -0.013026989479366693 0.14719376304895582 1186741861.5319455
0.5861741108438255 27.358045320740366 674.8620235123507 -0.7235513218644005 0.843963212608397 0.5275688928551192 2.069791948007082 0.23591051437032423 -0.01082429134047773 1186741861.5340452
0.674055864245584 26.97560304920807 446.018385641848 -0.8041794652378227 0.8214140645560165 0.8817115825701289 1.1696500108822543 0.011831654707624126 0.1217760444534024 1186741861.5321248
0.7526978494527237 26.198057744253532 450.2503591224062 -0.8590365450297125 0.762637535851207 0.8657677662384551 0.14263845255037108 0.06912618311832865 -0.18931430425666448 1186741861.531137
0.6755877578720496 26.771429861281955 623.827345039365 -0.8374342479787465 0.8236747820751523 0.21808419926928485 0.007361723177027176 0.0550559962255074 -0.009470795084100295 1186741861.531593
0.8200525808654621 27.664381252688663 419.7025661474093 -0.7178309453110179 0.8190736849638883 0.9702781427398078 0.0068980022712877755 0.19990202537986235 0.08468251566490907 1186741861.5347502
0.5675999121165922 26.115475406133157 300.87975037402094 -0.7106666078942199 0.8682352666478551 1.0755885730259616 0.3216535129933651 0.13370490600181922 -0.16206897927755065 1186741861.5338662
0.9979328762531005 27.86843369035505 721.1694987519982 -0.8263706374867027 0.7094786148729153 2.7116461042456557 1.5192647815529365 -0.023709835603368652 0.34725372869748306 1186741861.5333562
0.8882491747459075 25.98791520250895 608.8797297790221 -0.6985499620922498 0.8498809396032749 0.4037097445229799 1.1012569556657588 -0.05571497432023409 -0.016219380137429358 1186741861.5345461
0.9428694374624761 26.162589579403804 561.3686000021814 -0.7645107662755924 0.8680303486974524 0.7274417906522764 0.5213634434550539 0.08907340988492968 -0.18128959828172217 1186741861.5326672
0.7870517144201337 26.39164213420406 436.87794202262074 -0.9075906186242989 0.7484465358282748 0.962984226923504 1.226986123540573 0.050249374950917455 0.03280125976650063 1186741861.5312068
0.8105118003010134 26.280676485471425 610.8709631670049 -0.7836937397703007 0.8601258516345494 0.542055517214497 1.1301214743957628 0.03624059951884912 -0.12180797152642694 1186741861.5321786
0.9833256955768669 27.587892031942367 763.219371459494 -0.7394493151659844 0.8601822246483848 0.3196932939187312 0.5132896176150539 0.12933886720579524 0.18034949329878452 1186741861.5345664
0.9190388210897217 27.07704909296553 419.4237091158656 -0.836431268544269 0.7581669434891166 0.9175560601760366 2.097872849075478 0.3231450859061448 -0.25095831438636285 1186741861.532597
0.701987419765562 27.762440414058375 620.7656462834696 -0.7408145814006825 0.8332147574461104 0.6295301895429035 0.8112951173133154 0.2777950011683629 0.05096943316672548 1186741861.5348303
0.9468813544225225 25.884201871235696 522.5933190222393 -0.788696563138932 0.8637230884117189 0.7054438828331496 2.686276567191394 -0.07359325125479363 0.006992657954059901 1186741861.5326617
0.886237361641635 28.42267349988207 588.3304767148313 -0.7797502012773735 0.8086879971560356 0.5976804535004047 2.971293880419367 0.07390177028218302 0.3666920318104966 1186741861.5340111
0.8761275407522385 27.346950802177325 661.9135585902209 -0.7852276003985942 0.8158775011204856 0.5863751312626694 0.5728721948179687 0.09283094178826197 0.16554507296532445 1186741861.5334303
0.8948736136724373 28.334919015619818 469.1175981731621 -0.7884660936029204 0.7946233980828409 1.0048612759290265 2.867050795196092 0.3118046092815878 0.07133276598040726 1186741861.5337207
0.6934266828715199 25.628691973803868 637.1465097356269 -0.7418155967127733 0.8352108614357402 0.45398081724791967 0.5401549001181053 -0.4151486945865968 0.5193253331150199 1186741861.5332272
0.9504687206628969 26.472058439536486 653.852555978906 -0.8306674283115955 0.7808430787555365 0.25438035206936793 2.566952372453823 -0.020952180761190885 0.05281303319562852 1186741861.5327897
0.9046090473504094 27.276750593142296 694.3625775846954 -0.8779148814197102 0.7761438308556999 0.2650373943676112 2.5673775751747536 0.15164241794586478 0.10857953273410204 1186741861.5323074
0.5990918290273047 26.178373457202643 384.09888042253806 -0.7601507896083961 0.7858779066609738 1.0994046911303457 1.347099076896337 -0.0402592024481786 0.17824786943657944 1186741861.5333953
0.6976378527495946 26.253069106218152 484.1884008657066 -0.8567551039141175 0.7842029453251621 0.7630011202837931 2.3399340279049468 -0.005220735525443337 -0.03792484522452377 1186741861.5310946
0.7232775547394859 27.185585298158877 394.86889764643496 -0.747674672915822 0.8609093507746576 1.0413120304411467 0.29527480000086975 -0.024233367489952088 0.2641263628518929 1186741861.5337777
0.9330531789114224 27.56937517763701 595.8027633531319 -0.8641163077159643 0.794948454735518 0.6384784255955618 1.4775025108251763 0.1834310300840761 0.1197773760472808 1186741861.5323513
0.7017898301762178 26.255955583333108 478.42237955653445 -0.8932039378782061 0.7729857036793168 0.8635960179873596 2.664532059197319 0.07703782983201286 -0.07941126164429259 1186741861.5312328
0.9487905596857222 27.17841614091448 637.4872241802925 -0.8748025946298513 0.7587608603930757 0.4414049589167282 0.9490645573440514 0.10982080457802339 0.03763187859639958 1186741861.5315573
0.9874502894319579 27.45531493353746 709.3318680762574 -0.7780456898964356 0.8528165444560702 0.5229354614676089 1.6779325804329854 0.023331792585614637 0.1833206017826708 1186741861.5334492
0.8644036985047464 25.970416022532486 318.72032991532427 -0.894104742205054 0.6859630297950126 1.7243406265331969 1.483458247398377 0.07417332896984385 -0.12666236897007183 1186741861.5312529
0.7432537738655963 27.815152440827866 681.0007889780121 -0.7916120632816444 0.7882894985734603 0.26687067535199693 1.7265462347410574 0.277117619493212 0.0036536363332870594 1186741861.5339515
0.901244587321333 26.433144823035796 636.9419746677429 -0.7478138046198186 0.8493128599749764 0.14659147984157855 1.3345477070183014 0.40177558081585857 -0.49271002621246096 1186741861.5330858
0.8822226877100987 27.01038888378472 685.1539207422544 -0.7587582306729616 0.7975621544482778 0.395799141010846 1.912430021458401 0.052746609624111804 0.17184262876255046 1186741861.5343013
0.5593914092909467 26.003266891557843 648.3324610459106 -0.8173853484550482 0.8095849325646675 0.3749668340130742 2.023886347498522 -0.16907726929240063 0.4450537626739696 1186741861.5318258
0.8313385476577451 27.249448266845814 571.2969687631272 -0.8946871253708628 0.7449746943925002 0.5387049172895636 1.5718092022868635 0.15144503237539517 0.048714520868989794 1186741861.5316818
0.9019379730451346 27.08230756444251 640.5679093242502 -0.8934559459104922 0.7594895260536535 0.4134240188186502 1.3767705382863635 -0.07362378558315284 0.1930516272820665 1186741861.5312822
0.7430884315318596 25.751003699966436 614.2591765409775 -0.8049001819464592 0.835053248665818 0.13225361221417106 0.43468438595096753 -0.15977817449582646 0.055419377755297025 1186741861.5317593
0.7346405619192544 27.212008218052226 655.1320268354664 -0.7385751545223358 0.8271890572068308 0.6435977950500006 0.8916387821582387 0.19517202562510025 0.01446672142269035 1186741861.534398
0.8656024086384584 26.87082743939251 618.2601530989433 -0.7599790405744743 0.8217165183379049 0.29020431227994087 0.42137625788002386 0.08901227218940884 -0.05336766988884693 1186741861.5331426
0.7244869769415934 26.24176187316989 604.6989327640703 -0.8319178751398684 0.793486716645152 0.44597707893890615 0.11630190075374344 0.1733644319134545 -0.2756725142257721 1186741861.531651
0.9751267171442852 27.59611381284795 572.2672371152314 -0.7553736387221074 0.8108200771836643 0.6781860369306346 0.4176367228939644 0.277420554696447 -0.04220371968606828 1186741861.5344174
0.6481458796625124 26.119135208332537 471.50439274217524 -0.880570785046607 0.7948649379238019 0.8317005789336654 3.0360469526543987 0.006128388835424719 -0.007399039057738262 1186741861.530786
0.9750321955598679 26.323562618724807 637.4059850517773 -0.7212872328729125 0.8342182478046141 0.641118867232757 2.6866627134231056 -0.22771997118092074 0.24184883170962007 1186741861.534173
0.7507774355141565 26.92490698238039 641.398014440223 -0.8517880100976203 0.793619760959317 0.5411621277278974 1.1238242911612972 0.07703214820148861 0.09912064136219736 1186741861.531933
0.9504213940490795 25.740609883925305 550.7480434231417 -0.8260248816070264 0.8054912893258944 0.5490426285522346 2.0551539128550886 -0.2060943950773535 0.13384503879226317 1186741861.5320873
0.8677312875901075 26.806652013695192 547.7924828766475 -0.6600268882120373 0.842334344323793 0.7167381489238086 1.7835145205040452 -0.010081597234064663 0.10655428248742156 1186741861.535295
0.9916627482160567 27.787238202513123 800.9829533659333 -0.7546096798401679 0.8138844072761516 0.2680196990442196 1.9711840806315317 0.08253807877277336 0.1826422497668254 1186741861.5341551
0.9588501407394147 26.712090375158674 538.8299314988392 -0.8437491508280036 0.7849769473396478 0.546349208262962 0.6693560591507987 0.030575456570385864 -0.009307108095024365 1186741861.5321574
0.8843452201846086 27.596460074129496 474.8535881912786 -0.8019879430073344 0.7727326142482834 1.1213410263445547 1.1765781177546766 0.1489719036745608 0.14868431256121367 1186741861.533602
0.7687443467201895 27.543662304089885 479.57990340472827 -0.7422566013084382 0.8092350292001228 0.9259367266094296 1.9836472477059808 0.24226547516548327 0.011199212289679381 1186741861.53447
0.9788677483904246 26.7877068927023 481.0093495826206 -0.8056504100655169 0.7734873523972225 0.8722862936724592 1.3117362920384728 0.42017859365933213 -0.41070678820222273 1186741861.5325184
0.939329708496682 26.813945593225405 648.5448572941705 -0.8913512293939525 0.7570127191961588 0.45355096180853327 2.1373692750582602 0.051037501761684194 0.009258217767383949 1186741861.5312364
0.9826565970653774 25.845553042792627 322.9390897405085 -0.7757897777193019 0.8184026195411924 1.3113786987460898 1.2697726581942326 -0.12550234733554513 0.02916399370939713 1186741861.533103
0.9527108753821263 27.292705977420212 729.3939812546848 -0.7371802920202897 0.840324655948288 0.36901845450000886 2.3790202294609295 0.1528719457996291 0.08973418237811326 1186741861.5343916
0.8703566859197052 26.98608516002835 623.9345113048496 -0.7540291200516224 0.8529057241517038 0.4567996443058728 0.3516248213597718 0.05006360762614957 0.01707469031347451 1186741861.5331595
0.9993378875408132 27.18898697364552 497.898505659907 -0.7213995101346369 0.8478606252584455 0.9381854927581992 1.3967072445349447 -0.0012126316786508049 0.2230996691849816 1186741861.534625
0.584389517709322 25.883339748548494 605.9757845801164 -0.846732111628472 0.8079032410634729 0.29519865920149435 3.083584001495047 -0.0543936567921305 0.08551920964947243 1186741861.5311768
0.975019743279221 26.785345674757377 684.4905813390606 -0.7970037364748591 0.7637952551530707 0.24053425913959858 2.015225952881718 0.06301803944788494 0.05917480875756362 1186741861.533297
0.8682480134401179 26.811464910445025 560.9149296831135 -0.8320971331193223 0.8303697904657193 0.552018411131784 0.8636708558026284 0.11606067234058703 -0.0009949976374841192 1186741861.5321646
0.9269541273984527 25.86064032528453 602.1468752500277 -0.7735941172133953 0.8471857489220019 0.16042917849780197 1.639924986024668 -0.12963560962416193 0.04864487634578586 1186741861.5329244
0.7320623655215028 26.050232806727365 402.5239682188857 -0.8132548597623681 0.811790765605644 0.9530746100907054 1.1286349348131013 -0.0006778291255765245 -0.02635331932857103 1186741861.5320723
0.8843194797540805 26.92786775005157 611.1350815923388 -0.7308548737661476 0.8442213605320537 0.5952050763199516 2.705012575051853 -0.062205705597174345 0.26231698334907755 1186741861.5342674
0.9650393747454058 26.15896780320506 716.605366382411 -0.7426148111243702 0.8468391028071787 0.19201521468180044 2.3283765295845247 -0.08894205314126183 0.018932628248292407 1186741861.5332274
0.8326153943248369 26.46729488440938 417.1310964028747 -0.6849916427628481 0.8547943266794851 1.038480830984017 1.5693950493838347 0.17327685755124048 -0.1750396372294237 1186741861.5346437
0.8704670186835701 26.4781897384664 486.43684417387254 -0.7321765657538299 0.8599851744240908 0.7647712544590644 1.9277620960373367 0.298876814821435 -0.390930611877439 1186741861.5334842
0.9308907431276032 27.06780837886369 572.4989963059905 -0.7140686181353025 0.8126346214686716 0.709764671217626 2.8851996873585226 0.1635270497973974 -0.06505457418685043 1186741861.5345614
0.9950935090175794 27.224940101321167 616.9620404500781 -0.8042669204460229 0.8476343183528732 0.4346718084503071 0.7554328142710576 -0.1245341849688429 0.24541395000911692 1186741861.5324717
0.924146011489528 26.19048277243682 521.0142065224671 -0.7448347998302799 0.8477755937256479 0.823722350377051 0.14622289186291887 -0.15800774531796918 0.1631947453401933 1186741861.5335674
0.8667571077417063 26.300350178316684 727.4304971324892 -0.8144332150587967 0.8030529787515752 0.26150462177298384 0.1443041616480866 0.03305067964212123 -0.030039279688795675 1186741861.5323634
0.795603192356761 26.54995661859748 549.0978660882969 -0.8107964856576374 0.7666745481210013 0.5719359453889928 1.2559431364947538 -0.07019224996059677 0.20899780393538564 1186741861.5329618
0.6964126114190266 27.383102502313744 698.4774300181246 -0.7686419203600409 0.7968241618080169 0.41737844170161076 2.7153281683068355 0.10004844055285303 0.17711436503739453 1186741861.5338836
0.9211832534091289 25.749984019556912 598.939195319052 -0.7843760368563487 0.8111831099617284 0.44422085783974147 3.1337208092978366 0.10928265705867367 -0.25837173801270363 1186741861.5330687
0.7431361561456791 25.964777949364105 664.3072802763003 -0.8632928581169498 0.8028105593413754 0.051567066423772324 3.077464574191654 -0.08183171445600018 0.09558729054670377 1186741861.531419
0.9135428698347139 27.06552556536403 678.290409883181 -0.7445697341794224 0.8296193438877777 0.5643998536545783 2.409648282631753 0.17365531127072212 0.008851820624482415 1186741861.5342803
0.7854319109660346 27.134642827135213 347.9751572036664 -0.8032152416343545 0.8512035082625645 1.0915570521176021 0.4826892424582146 0.003934633623837475 0.19159507642891235 1186741861.5328126
0.755173484392749 26.601884475180185 627.6458827251353 -0.7258925509455104 0.832251549020153 0.3315484632123523 0.5562842248926705 0.026458647758408442 0.0017737375097426733 1186741861.533799
0.7832596312907324 26.320608592113672 495.0420527654962 -0.7760163672211131 0.8049456121710181 0.7398259074721707 2.521731709116123 -0.056330419143692446 0.037016967302101716 1186741861.5330544
0.9419388248309594 26.52570694313461 603.8884855197584 -0.8038517538259952 0.7711989120990964 0.21644082759645397 1.241213064405228 0.03658388140173428 0.01527200504096439 1186741861.5330102
0.9661751128450785 26.77029675242198 646.7326768860778 -0.6950845558126222 0.8346434715565173 0.5746065332675347 3.1046365966924983 -0.06745433420151471 0.14489171604752982 1186741861.5346985
0.9740182272498221 26.339167097713982 388.11438621400924 -0.8529538940463736 0.7472114238656566 1.0552143750714753 1.3468100578476074 0.22002360732724352 -0.27755132431716656 1186741861.5316901
0.9421287243255517 26.275500811763763 498.4578019267783 -0.8219607357991134 0.7885738278017623 0.7731809763201495 0.8133120610828924 -0.004977270403806019 0.06404078824926453 1186741861.5327854
0.7469819985150308 26.558189218705706 555.3847314187249 -0.7132184051755193 0.8554415516400465 0.6651756497025887 0.5205255688811246 -0.0448499378653042 0.14364412238914442 1186741861.5341918
0.7190475108767529 26.380363974400858 386.70436397579897 -0.8225189992161277 0.7504538328426624 1.0711370138540082 2.85827374212506 -0.002924636728644638 0.06670175937692835 1186741861.5325265
0.9834981521161313 27.279578583789334 605.648442741012 -0.8192298088037836 0.8333858009171033 0.4543412159850856 2.259861565744057 0.47418962419799676 -0.3518927674592008 1186741861.5324068
0.972538056484348 26.924015130418415 460.5022124925875 -0.786832081514389 0.7753862978253587 0.9422154465557505 1.2021036092750326 0.05517435833919759 0.1252256855568745 1186741861.5338464
0.9502266217346397 26.522113831432584 417.17000584548947 -0.7436736962060241 0.8130986949440291 1.016517935019343 0.7529970404484093 0.02129170169424338 0.05377485396136801 1186741861.5340602
0.7806465872044522 27.26638607775 625.6567462790213 -0.8386368756393512 0.7739374230518705 0.19162744600538528 0.11600139588347771 0.2327939454489592 -0.055837472694634474 1186741861.5327783
0.8706705500484629 26.47194317989242 515.4321623511665 -0.871135557030933 0.7793879829138589 0.7858687043394187 0.2959745743448119 -0.041315134776762026 0.07343627021401702 1186741861.5314252
0.9051534189061884 26.375795297699646 630.9272688761761 -0.7554968397713397 0.8057521790221095 0.41995834833091267 2.9951932498173464 -0.09702374065593182 0.07648027542650761 1186741861.5332377
0.9894032977947393 26.165224871176903 423.2776187670772 -0.8050339638779814 0.848632526578462 0.9456337402537246 2.924584438732158 -0.10886072665967866 0.0686128751488107 1186741861.5323334
0.9540106598230398 27.5402984010437 529.2062388615244 -0.7839280846156433 0.8363449373398595 0.8332817930540674 1.3551421350495256 0.26660581573883685 -0.09196920562275314 1186741861.533011
0.9324668629413886 27.361602036036473 659.5236343101045 -0.7475508053084933 0.8396354115188364 0.43052046715892417 2.5654563750749273 0.04240514951429844 0.17444726933629404 1186741861.533816
0.8501575001784005 27.524214327700435 536.0906627377448 -0.8820633749425213 0.7683668346837264 0.6922301926686267 2.568385359409287 0.1562408324248184 0.06709190662222482 1186741861.5317912
0.8060104309386029 27.07596106769254 579.7441605491011 -0.8102990730674808 0.8144776016601418 0.6222276169115789 0.7539021437008986 0.1008524857571587 -0.01259283899770088 1186741861.5326366
0.7766107737919883 26.748017073782474 714.124608179584 -0.7199002375156949 0.8340424927008423 0.3339611348188938 2.4881712852837192 -0.01894022228518217 0.16037471413729323 1186741861.5342202
0.8589487072103088 27.176948424524372 582.8983454199586 -0.7568365850978864 0.8477321631210196 0.7676252404840119 1.6341311302640182 0.19537357362440116 -0.04971278096489091 1186741861.533612
0.7257063246676934 26.755558633216857 625.2173048778263 -0.8267129573980153 0.7841086026951579 0.40748596597193854 0.37845385184921393 -0.03478314916871757 0.1679364056787862 1186741861.5324774
0.9998925163813632 27.188995229298015 658.8729340357274 -0.7281684745454902 0.8330896417165097 0.5401730427685545 1.3148862958758682 0.704693140860853 -0.49766293517957017 1186741861.534467
0.93182924695185 26.421469297009608 738.8675997456187 -0.7883842021873774 0.8174010529953979 0.27450008992124186 0.15546638159579737 0.01851307744633336 0.029298959169803903 1186741861.5331538
0.8666183721760914 26.571600107283434 382.11986839801466 -0.7751780347285417 0.8103348066010286 1.0378286405253327 3.0240428967561126 -0.17951893769070681 0.23358896788558312 1186741861.533259
0.730579053152638 27.110362560774856 623.5307667274657 -0.8008290729101906 0.8096356723896205 0.383069424408643 1.3935276578650637 0.05208276911040165 0.10609936251400048 1186741861.5325427
0.8779704097621077 26.743277023858706 628.2486632028576 -0.8627004588962898 0.7771476919829942 0.48179561464321174 1.82854853458465 0.03179563353032524 0.11132986390955778 1186741861.532271
0.8972311297700518 26.880532154933505 555.2673922387536 -0.7353035505207585 0.8435982427511672 0.8023805803109264 1.524984067043939 -0.06799533310871206 0.1630647284658618 1186741861.5338717
0.9716265380219113 25.519669276093595 473.03614747366913 -0.7876037795096075 0.8227389719160803 0.7213149165270079 2.7769507023821385 -0.25059655352784616 0.06380521151869661 1186741861.532554
0.7789512014176492 26.413112419680452 535.5153221047719 -0.8033484179767205 0.8436820818278394 0.6203327732907192 3.0140564592361327 0.006108707914735313 0.02493928116021035 1186741861.5325737
0.9158294604810787 27.29462786099223 589.5628491397188 -0.8120822209986721 0.7852912313021594 0.373221076461174 2.982190053519518 0.012875296042290603 0.19704064853488815 1186741861.5330312
0.7362784887481029 26.33691539432636 435.8930209089452 -0.7844653633835459 0.8379620762672638 0.8070717160469892 1.832668820518179 0.3258210736145702 -0.4287022875229163 1186741861.5330772
0.810930612569629 26.37859657211232 705.5723964995788 -0.8226803113055787 0.8198258450999841 0.2806955377342658 1.0185832543302085 0.08913599452546982 -0.07005137044787876 1186741861.5325148
0.8761130186233465 26.613285425858553 499.356496966955 -0.7757701866504236 0.8248315681183607 0.6868956231138552 0.9092930252735915 0.03628480204157931 0.06613894431087927 1186741861.5334854
0.8714481610476627 26.161969506817897 479.9009340915918 -0.7940597370359317 0.8439103405196412 0.910957663067954 2.7297630066264835 -0.02700474189394287 -0.026056693279427362 1186741861.53238
0.8856297369246873 27.08940609362056 330.7822821934891 -0.7876602261528486 0.8097899855589344 1.2270242028669436 1.5218743244288735 -0.03316633086887902 0.14135353139239532 1186741861.5329683
0.8691335635650367 27.030882703948297 547.5202988101493 -0.8328743850250422 0.7977335238483207 0.6159565505444948 0.6395970076617126 0.11569923722234937 -0.01288524643183352 1186741861.532558
0.9057709146563444 26.560722618324498 327.15238539452923 -0.8358704437231672 0.7584229521412708 1.7374486191391525 1.1424737998275014 0.1128010477411133 -0.0786101012019307 1186741861.5322473
0.6175773606112792 26.730388511219004 497.11449564865046 -0.8194876699236583 0.8085445853532304 0.8141384986417728 2.5262653603163363 0.2053108724391395 -0.10561722106723949 1186741861.532453
0.8412088262811783 26.44931386247388 368.70353017452425 -0.8192711055130381 0.7687526287768343 1.2617421087442413 2.6975632373884797 0.07414850768542217 -0.011169083126726678 1186741861.5326288
0.7115645897586093 26.532925941413108 651.2707574909879 -0.8166177191893386 0.8365304706359746 0.36044421014746875 0.41596003592210384 0.08307944794742929 0.002147339170474575 1186741861.532386
0.8182558358656931 26.842239753802907 649.5918422632811 -0.7199713975517668 0.8358851069785632 0.5559499117597361 2.0425133312712913 0.11525231527328036 -0.02474081569148081 1186741861.5343041
0.9377854043784419 26.705179081930098 315.5233252424538 -0.8191104575278443 0.7323471622212354 1.809485250435157 1.5072750082787698 0.11898573299835394 -0.03604412036829043 1186741861.5328271
0.8872642980529886 26.032862180055055 547.527289028782 -0.7752060741854551 0.7900183140060221 0.5722341179903077 3.0475923796487714 -0.008083769255528393 -0.03798170573984906 1186741861.5333755
0.9186316159433865 27.005283921318572 581.975920404186 -0.7151871488382573 0.8248071476459284 0.5239952924169599 1.7945774266108565 0.12994409213485347 -0.005609974141629298 1186741861.5345798
0.9436655022766511 26.93728871415968 597.724884819273 -0.711805807332192 0.8254405070987619 0.57713715620797 2.1436290641655766 0.6744156096444855 -0.6100047295306238 1186741861.53444
0.912802868867642 26.075603231952137 626.4612806104961 -0.8735474391659985 0.7884876202800895 0.29435706940262796 2.750371613378126 -0.08201875571402593 0.05772871467697355 1186741861.5314164
0.9492995516026808 26.986689018606832 484.30163189367744 -0.7418588814682593 0.8256470196289385 0.9079646409736228 0.22347535512798422 0.18940221183305297 -0.03578462019981542 1186741861.5341394
0.9300346186476425 26.87691448571507 543.4250091331305 -0.7567382147713306 0.8275169920883481 0.5993019645195502 2.2820047218157997 0.21046922779299157 -0.07121973893721321 1186741861.5339735
0.9783614609538438 26.719023290674283 515.8216226760265 -0.8086105541028469 0.7671555400058699 0.8339471753061865 3.09623428395027 0.04542757308741496 0.017892992661393072 1186741861.5329835
0.9661736927633457 27.40942451789283 480.0107393262006 -0.7772160373007103 0.808958712144288 1.0162101136035242 2.4950372590708314 0.3818294307046721 -0.1635297205268783 1186741861.5337014
0.9944119072787004 27.29677148152823 401.91116774880203 -0.817600525002794 0.8325494651410904 1.0857420360009997 1.5654036499452257 0.44177858043721774 -0.3000188904604488 1186741861.5324519
0.9632248813434741 26.813756147543593 300.36223577641334 -0.8526107947302118 0.6923533993203674 1.7078453756943237 1.1810799211322291 0.08583148948979906 0.024044713759623706 1186741861.532548
0.9096462878412214 26.767128409232644 668.3952326498896 -0.7917592934899462 0.8058312806348391 0.4281205297582335 2.812823079993997 0.13038788975874127 0.005916327085786795 1186741861.5335705
0.7140087231350322 26.7555823565723 525.5304539623118 -0.7544426759785928 0.8305103890701386 0.7831723785527815 1.3216682138282227 0.16706950653896205 -0.1351162833816021 1186741861.5332606
0.9044576662132989 26.756427358679595 332.3020193590214 -0.8597079397291751 0.7699926437674123 1.3847021333641538 1.0213444608347844 0.035850117620008566 0.033061214497507624 1186741861.5317492
0.8948812244510111 27.316278447297474 688.3415313177474 -0.7918292479910084 0.7960203065838778 0.4325144628700079 1.0190638655189836 0.03951823668083382 0.21003711262491936 1186741861.5337782
0.7813216655170548 26.619357379228287 609.0223608429047 -0.8187132187662169 0.8379500484817177 0.39187475815764866 1.3148424246240997 0.09998536185222051 -0.08985322201607585 1186741861.532087
0.9765999473970863 27.461005976960003 457.08439468798827 -0.8291996475168256 0.8140460246417047 1.0176333194782041 1.3631217648049219 0.20703400046116147 -0.04144842853526055 1186741861.53237
0.9474761100442809 26.591847879532974 518.3400514262153 -0.8182463393191226 0.7780965483338238 0.6949984435457025 1.4165968203544037 -0.022721898228003762 0.02819900480458484 1186741861.5322895
0.8656140381253019 27.173349238806622 559.3991910201903 -0.8439828884815774 0.7885019862552199 0.6421442842549201 1.4662875314235446 0.19772937395311557 0.015461486962413076 1186741861.5326512
0.8568418944193918 26.6541859489733 510.6500252092789 -0.8689647185645473 0.7889347524958077 0.7443920926938232 0.9987634279857499 0.04929004805373785 0.05335613632114907 1186741861.5317407
0.9050722603447585 26.956255724584963 722.0927146299023 -0.8368865234307644 0.7835491847371278 0.2773477248748953 1.4022084238837342 0.002665083169277077 0.16298825587293664 1186741861.532745
0.732382289690988 26.390494012315152 637.560526259488 -0.7892650915828751 0.8323583047578431 0.5314835615364492 1.0741529730671542 0.07652437107082441 -0.07540020387292053 1186741861.5327435
0.7940200013313363 26.271731260123453 548.1431585977607 -0.776747602834191 0.8196037035899076 0.500499350497371 2.5929542533980756 -0.24398424828408646 0.33965999264239666 1186741861.5330575
0.8122738409456636 26.94258843703754 663.5397804268518 -0.7505922899953735 0.8150275426104517 0.2714512762968761 1.345870929613433 0.0029125079145529867 0.19641821249240157 1186741861.5340278
0.8977574280007887 26.634504975085726 660.6178853266237 -0.808566537521105 0.7923868249889674 0.3187993361086507 2.8761661416981674 -0.12836112781778347 0.2787995467398385 1186741861.5331001
0.8952168095356292 26.088292318806573 321.08943394563926 -0.8376296193792118 0.7287589847455094 1.5263479531656101 1.4400666483300713 0.05013979668109384 -0.08910945811460086 1186741861.5323226
0.9891012210148311 26.479448841543697 495.0191654615258 -0.8277853107943547 0.8135962760120993 0.6787747367131364 0.19334893466912387 0.012447786418272974 0.029588627967456614 1186741861.5325475
0.9049608457040184 26.392398025003395 329.5285179338372 -0.8056406899429585 0.7724305093178643 1.4138729243751689 3.065252529156294 -0.019742821585333508 0.04655541692375052 1186741861.5329227
0.898686977303059 26.069094478357904 701.5414853541392 -0.8155769065733437 0.8016645295537392 0.16213050527353598 0.08429000562597586 -0.4943741763781077 0.4985313355505073 1186741861.5322056
0.876425082103228 27.075763382785535 595.2266295314247 -0.8107030207193755 0.8231861292474935 0.3503518364672574 1.2601552302918533 0.20347073313450553 -0.09753456805273451 1186741861.5326862
0.9134741260002969 26.859907957573284 587.4556795367337 -0.7111535032497134 0.8362505307087121 0.6681920596889338 2.8736819081801186 0.10742049880412426 -0.023278189516373074 1186741861.534452
0.8595670064483821 26.594129426133442 621.4783457832765 -0.7858070722104283 0.8136964416951146 0.6050096133092729 1.2311144709411501 0.05607668423620047 -0.017346353948615726 1186741861.5328615
0.8904360734495653 27.2555534661436 430.85415241297784 -0.7980664121542117 0.8057456665027138 0.9357256030036403 0.06644180965416469 0.0681306755573628 0.08080071059566277 1186741861.5331502
0.7923736406990348 26.94392213598893 721.1598356098173 -0.7691292073537453 0.8277951325045967 0.0895611867116191 0.5803057066933794 -0.005246818877813474 0.14895620388166467 1186741861.5335085
0.9199656560698019 27.317375937566702 481.20708187243025 -0.8215586474768749 0.8025018147913938 0.8223455400500054 0.7988314497650526 -0.0021272590238669113 0.2367752049236133 1186741861.5327566
0.9414987151041838 26.833591379302508 627.8318078050207 -0.7927441499566767 0.8138740918288949 0.533285435050199 1.2426785728371201 0.20835178972527965 -0.1866925219461093 1186741861.5327578
0.9429079293187228 27.412705010174 360.04628932237387 -0.8831508328114925 0.7579453695503952 1.363406558167497 2.7866684932877295 0.29832622452505864 -0.04665965341023067 1186741861.5320995
0.9657308579703332 26.88323375557199 531.4579234913691 -0.7551169173001486 0.839220381546379 0.6742279918599361 2.4255061560386015 -0.012481961537602086 0.07962191971616328 1186741861.5334592
0.8308338905921159 27.020555719941278 320.72381049337054 -0.8145963950907834 0.7531957951914886 1.3770536374900406 1.3406882009178025 0.1422554156622077 0.012898071675027201 1186741861.5329907
0.9336578943981347 27.648256887488696 388.83286754678903 -0.858657818369315 0.7977288334027485 1.17334825767797 3.0164237962469316 0.25858057322271927 -0.020125406070676585 1186741861.5320957
0.7898260609632186 26.52115951891613 519.4390425266826 -0.8468037310089342 0.8145788359800237 0.7243397767173555 2.0058457562869996 0.0658530740718143 -0.05478324093981045 1186741861.5318298
0.8051963743405794 27.27355073200436 633.0970865047382 -0.7824762377871186 0.8138772985942014 0.3947842040317529 2.2861498610843607 -0.02688927606032265 0.22665061932430638 1186741861.533259
0.8510792079644831 26.481094844601795 670.6498656525376 -0.8343921701401272 0.7991120602329633 0.40981516001271817 0.08117388631116701 -0.0557228188006499 0.13313698399575993 1186741861.5323951
0.8170619916603692 27.002002715189207 466.4361967797771 -0.7985380263008265 0.8010377934400986 0.7733617904175424 1.896507842505112 0.21638544409380384 -0.09970007052335615 1186741861.5333304
0.8445699020567573 27.035389714079656 587.7830525835667 -0.7385889722646678 0.809408741217091 0.5832274330233861 0.1183875451298935 0.014633932824655232 0.1406521373874591 1186741861.5341787
0.944819615492595 26.9849634212794 496.1989782552894 -0.7505197230633099 0.8197642752087395 0.7828508796443022 2.161683083493653 0.15115623105960008 -0.06238167328315609 1186741861.5336018
0.8597071879311918 27.5349857504265 765.3293353921828 -0.7812076743192056 0.8049255589822467 0.1971426431300676 2.796822665438727 0.15091613088324077 0.0863763997857442 1186741861.5336459
0.911104800778445 26.849598825165756 728.8116159569281 -0.800450661867484 0.8085507776059854 0.28288154135396154 2.2563688310756773 0.10719439738612796 -0.0012056160094873996 1186741861.532873
0.7222378406524077 26.884320519899568 577.1496360368125 -0.7805051720039812 0.8217288920736106 0.5740927808813201 2.252496854106323 0.016746893331556052 0.13325820842645114 1186741861.5331964
0.8305292071295878 26.74601340848271 621.6251442880323 -0.7915270159198722 0.8027232027436371 0.5628652445022223 1.0710392104937927 0.05323910683979388 0.029507589529290716 1186741861.5332475
0.9911360801086695 27.33924301542678 378.5337136548424 -0.8021642217263452 0.8060616871340173 1.2657398314279353 1.29677613551567 0.22002572004845383 -0.07076760299655416 1186741861.5327954
0.9466277390715295 26.34518957105867 546.6512085646002 -0.78396127930409 0.789850133325472 0.6872195951872848 2.362159762036999 -0.13392150858587584 0.13928576270508555 1186741861.533251
0.7725363418781708 27.517910297926083 616.3767985945076 -0.7910527107600065 0.7962653986022177 0.4503137259418798 1.8998848734704705 0.2061582423589755 0.02578047201345963 1186741861.5335486
0.9681276208695145 26.458613418605886 673.107574996226 -0.7820833200095411 0.8395393974304265 0.2337399493297806 1.3741468914577923 0.0026936964907490818 0.04834064301418198 1186741861.5330684
0.7966952635529696 26.548604547846228 388.5161393976867 -0.8115179100680548 0.7954834331332795 1.0266758039476669 2.592244960095325 0.04469629969216141 0.012001339732815124 1186741861.532802
0.8562623388939707 27.42800513775051 425.17473354869026 -0.7959913484112989 0.8208383231449424 0.9275735252550423 0.035156525509727234 -0.001118258484414423 0.25892328549764565 1186741861.533245
0.7999004004309795 27.07765249622679 632.1992700521464 -0.7975598301890493 0.7991932869009344 0.4193011540364015 3.060596359502266 -0.01990282578782847 0.2659982216580394 1186741861.5334253
0.9505846502334518 27.038484177712046 501.0138103971401 -0.8383792979168717 0.8184583373928148 0.8278691109573978 1.1339599257695456 0.07895272955870813 0.04672528201387934 1186741861.5320444
0.9276683236308133 26.50997643475938 442.3583632440118 -0.807148314407813 0.7758859989112641 1.049453506979929 1.1698248917770722 0.07659955504635763 -0.01678128144827913 1186741861.5331004
0.8402296046631791 26.306832259292428 715.3320548821046 -0.7602496334552039 0.8244426142908076 0.13106991748769525 2.7245498064459523 0.02264450375557998 -0.018025189276325102 1186741861.5334725
0.9112378254294976 27.120807126589852 694.6309161266375 -0.8403995506497789 0.7664745326891117 0.2412953309025702 1.5346783815978837 0.04219884533620268 0.11431639798347223 1186741861.5324426
0.9302656591417265 26.602645862368377 536.2893831872996 -0.7510623902381137 0.8294028491740222 0.6934967221242171 1.8482770708718066 -0.12806567234454033 0.2171739637075198 1186741861.5336738
0.9948421038475304 26.57416510869722 448.88761540428726 -0.8266325278361272 0.7816070408972835 0.8835571064879401 2.1275824445172136 0.08508105541619446 -0.04929652605498566 1186741861.5325656
0.8224234714136347 26.958368054513045 691.8476794793216 -0.765637259277671 0.8015620104457825 0.3069602702069562 0.22070902001772624 -0.028608026405278864 0.20741903035696113 1186741861.5337741
0.8633080717878807 26.820798910109662 651.3877794474597 -0.8384367253617381 0.8022969417596566 0.48283107668181047 2.511654419557475 -0.07301934908330657 0.1709671924284029 1186741861.5320837
0.8212222589062821 26.87375295464644 663.4160810852301 -0.8307036214754282 0.7964357753778138 0.4086864554461577 1.7210231861430072 -0.04503148758284972 0.23521972748719333 1186741861.5326571
0.767548389367622 26.23523726681649 612.2187515531458 -0.8356060896462287 0.786570734150091 0.4036784653111273 1.243194587128426 0.0028848985966878 -0.012223064784145081 1186741861.5319226
0.9396238593730847 27.01629888674251 353.79713273989 -0.7580588133240963 0.8135397269667736 1.1723851410755084 1.4887687560502354 0.11198680614767571 -0.0062034504644816624 1186741861.5337245
0.938170253675652 26.316050519925486 367.9178236210413 -0.8254359872468835 0.8171414038213308 1.0836379023879688 0.9993737390244309 0.0347071567392778 -0.05196454371214662 1186741861.5322084
0.9068303214453544 26.69720986814038 370.6379343918804 -0.8002974290186112 0.7595443073300795 1.3154341804821317 1.285929122068434 0.040190469154039433 0.06975447642827194 1186741861.533375
0.9753600686239354 26.448920871316798 305.84213596258195 -0.8625381334191182 0.7288766811689295 1.5774267320919377 1.1495407696961486 0.04255795204231923 0.02008146167626761 1186741861.5321534
0.8641549278328094 26.7936462184268 450.7203099800435 -0.828139230534915 0.822500663511461 0.9221226035686438 0.6850835290393523 0.012365106104070317 0.07264615673009227 1186741861.5322447
0.8076614101262187 26.671116909407203 595.8296588827473 -0.8038089716139529 0.8276461572039473 0.5532048075611755 3.0574254266192202 0.08847408081853139 0.00983707651158367 1186741861.5329325
0.9847937284377266 26.84805023936194 311.51083623154085 -0.8818371169674295 0.7602358586893432 1.4335427884419238 1.1072018223009827 0.23361505463827612 -0.129681628864279 1186741861.5315883
0.9087701152804173 26.076954374051155 338.72192416828074 -0.839379581268646 0.7770930951547373 1.2896995371587714 3.0727307959674635 -0.08341753310816613 0.04205008480123811 1186741861.532052
0.9062083193794896 27.164995529764287 593.1921615093936 -0.8021206116169316 0.8106302542570725 0.4577659784283963 2.117393753565667 0.04494981420477717 0.1580060221084235 1186741861.5331547
0.976848731449418 27.05403776257274 360.7378470350649 -0.888718662875461 0.7390021588737825 1.2656430750478433 2.93723742509347 0.0002305613314977598 0.17129114569675796 1186741861.5318213
0.7094602257373801 26.832380913639536 449.97054064960156 -0.7644523170094869 0.8161584645872403 0.9026182336314009 1.6835295181889622 0.24403027346400152 -0.16836656314147544 1186741861.5336607
0.9581391537745115 27.37403237644018 660.3624804468983 -0.8319419215799037 0.803373317208068 0.32310770902855324 0.6281453556047151 0.18345184868093098 -0.022578963625869586 1186741861.532394
0.8882779494604063 26.946321078405738 691.9483826444279 -0.8293116097236748 0.7945799500598837 0.3990680533230669 1.8909827299448887 0.10799543560472076 0.005952165269446013 1186741861.5325289
0.994519697365021 26.864883386241903 360.3842022748505 -0.8559036135128674 0.7629710434588083 1.2826119775953067 1.127944413279738 0.08554106539184309 0.00141191434540665 1186741861.5321848
0.8985235471338995 26.892792722911317 567.268946955289 -0.8304108010324274 0.8198927602674166 0.662564468620147 1.375071101218173 0.030140468340899215 0.04727527184172501 1186741861.5321221
0.8094897047630629 26.67241900691493 647.5267754558811 -0.7630381331726289 0.8248526293839998 0.3468894582173961 0.7286391179616004 0.015852522079029527 0.10202743330697725 1186741861.5336642
0.883484445495798 26.88582677792631 536.3121797264738 -0.8418127400173143 0.7717647582005909 0.6486271887694889 0.9250103823315425 0.09989796692195177 -0.015729449046167444 1186741861.532268
0.7482989776732771 26.85628641467733 559.7586366128888 -0.781991689360558 0.8052103649198178 0.739237621741581 1.37306933580812 0.14891469770501728 -0.03341972117354949 1186741861.533386
0.9846970745152905 26.471275473720432 433.287474220584 -0.855341449345518 0.7654381024280242 0.9921289220143137 2.6560165337443786 0.0015001619008304643 0.00880625389594382 1186741861.5318518
0.9233147714017522 26.624875536159834 574.744300470589 -0.8199709406410142 0.7891496934196388 0.6266359306943828 1.8339089149841161 -0.0402590475419354 0.06932857709686564 1186741861.5324092
0.9785065589625663 26.278363133675292 571.2321699529147 -0.7681755836187641 0.8383216379306163 0.5720905399904608 1.0113305356910698 -0.02952306445866018 -0.005169617798894149 1186741861.5330727
0.9338406242625094 26.343787397206768 629.049682412851 -0.775060204824819 0.8278384094803949 0.36984561337181254 2.3003164205512636 -0.02723461679456932 0.03329567486275126 1186741861.5332978
0.9585144775265683 26.70287029357557 631.9585057497721 -0.8131771648446687 0.8305092686359045 0.38714589582945164 0.6434912358570858 0.059953894370220175 0.02944884246041466 1186741861.5327373
0.9643076142369273 26.554847777295123 629.8273154983922 -0.7774896351512119 0.7981036552369515 0.4631918471324527 0.02572929285244621 0.06414558924906823 -0.008289329183274923 1186741861.5335188
0.9696332462259726 26.659376765649537 717.4762483601343 -0.799047439840223 0.8131385584128852 0.1569906029434953 0.28411127286662574 0.06978121891922448 -0.04597301799424903 1186741861.5327265
0.8941188965515823 26.979817619663997 597.0142329837681 -0.766969199220419 0.8058652453668055 0.5850760398292455 1.2551827953851158 0.24934967521114962 -0.11749750566333285 1186741861.5339344
0.8504308766660805 26.61313316374823 551.214245976299 -0.8336665636654315 0.7787005985477459 0.559491336069681 1.8568085151604592 -0.0947248022855318 0.17574764662488052 1186741861.5322921
0.9030545591383996 26.667830151108937 504.1877481960493 -0.8313820443668397 0.8150230211378579 0.7281235627717693 2.919403251910212 0.0076481731390763315 0.08160845980832032 1186741861.532353
0.9595737728096062 26.722575318380212 565.0683663102021 -0.812718425064009 0.800957460329523 0.7436516741194409 3.073562459762693 0.03401412504993121 0.04919485092700452 1186741861.5328434
0.903063948919852 26.724548349222108 380.44522376494183 -0.749252325500064 0.8178044307050838 1.0171548151708973 1.824682140557852 -0.04836139296235345 0.14107157280730692 1186741861.5338206
0.9464920581782358 26.880425534501224 583.290105071109 -0.8315800624498835 0.8115966288386713 0.6294056719813732 2.6322486568143213 0.03879005642769548 0.06216675235170691 1186741861.5321894
0.9819868101814714 26.428151878120914 591.0951307561738 -0.8403651417787034 0.816984026095994 0.5280678294015737 2.875003162093141 0.00210028938182101 -0.004573136657504706 1186741861.5318618
0.8639148553182487 26.57176722833851 481.5031457577439 -0.8294337936682358 0.8081155666839233 0.8112213765832716 1.2428450618419014 0.18751779751045278 -0.13694210100423748 1186741861.5325265
0.867288549460592 26.977858293308053 586.0200501593654 -0.8235014366873253 0.7880147938516369 0.5714761411885432 0.7624402854308099 0.1429601568911562 -0.06168896722718619 1186741861.5324922
0.9979684964010774 26.633660767245285 496.6597468881995 -0.7719710807507487 0.8233515159089233 0.7315751086485792 3.0054599977912595 0.05122710850375498 0.009026983287214154 1186741861.5333545
0.9069454513190901 26.4657845131157 537.6726674680308 -0.8257828348526159 0.7828831618634561 0.6235152269666027 0.04500578157338383 -0.0021789350228376835 0.02066343626632949 1186741861.5325103
0.8292083776853441 26.872526677058982 476.40226974346626 -0.8136119527139695 0.7852663279398411 0.9296765657867848 1.1864581767711284 0.13270733943356489 -0.005457160575108411 1186741861.5328698
0.8653237999453753 26.871855852210555 663.7121951068364 -0.7936174350010642 0.8406579333027502 0.24424473518761108 0.4609785438923758 0.5361150126309951 -0.5220911989381262 1186741861.5329504
0.9558428106755228 27.294460384057455 660.6636673812314 -0.7818098789372205 0.7986384601822274 0.4371187416089446 1.187131116617463 0.17378498690140584 0.0030057469648702697 1186741861.5335822
0.9031604435557483 26.44359801252881 485.56646202830706 -0.7682920195457191 0.8260613459986873 0.7933652896039307 1.8928490362824844 -0.00834691254067008 0.005927617394203581 1186741861.533111
0.932136907825328 26.802034412682872 607.0545580854725 -0.799317630851589 0.8073629194308405 0.4378737666315791 2.269962835265653 0.019648911157570663 0.05240662393026867 1186741861.5329964
0.8438754650881128 26.842381225916757 556.131201687957 -0.7659190698040007 0.8214245595924631 0.6456884643897733 3.0466116890315083 0.12473512404132878 -0.05789486284707765 1186741861.5333343
0.9566594848823604 26.701551929222376 592.9535890068853 -0.7897714944709051 0.824547938047641 0.6423880973096774 2.4036929424572087 0.057799271914038615 0.018860381286084082 1186741861.5331192
0.9492486144038635 26.549505961111528 557.4184509992143 -0.8381440204615807 0.7835724752524926 0.5921521187861374 0.48433320328718077 0.0514239057377296 0.011846620208111641 1186741861.532429
0.9233204144113243 27.232780770495985 520.0722055295623 -0.7803673377486325 0.807864679901311 0.8629563508410844 1.4316837009363694 0.22249631907467185 -0.027441323520847324 1186741861.5336955
0.8236328962168642 26.603577088230452 650.487531105805 -0.8042899682458999 0.818037151346 0.24581528258383692 0.11997449141051529 0.005040131226804927 0.07651118190802586 1186741861.532855
0.8548430329730102 26.82138654569705 665.7624215812051 -0.788213117767685 0.8191149602640501 0.41911476102602385 2.5329233107647418 0.0038077357861785355 0.12738317944737992 1186741861.5331702
0.9256805150884625 27.11997062208717 546.9107095929719 -0.7832129212060258 0.804433589548922 0.7572563753857056 1.102459892882647 0.06639260091118156 0.10997931866794235 1186741861.5334349
0.9681023494630848 27.2195661578105 671.8492612674348 -0.8291017558405619 0.8062262985043345 0.35277454539499514 2.4425859380382176 0.02858815492535421 0.12196402235213101 1186741861.532421
0.9251958306365964 26.977695750345244 469.5130131162167 -0.7983979009024086 0.8088923529733751 0.8343924031182737 1.8399686315533137 0.054903052281377554 0.08897372416238637 1186741861.533299
0.798226085819352 26.691649374389915 640.4186436218646 -0.814698751748825 0.7983593394467219 0.3956669140357452 2.7599916360847296 0.08875076150030353 0.003115940553610137 1186741861.5326576
0.9328523184689574 26.60677179429654 700.0155303329235 -0.7965925664456636 0.8001287009002314 0.22524118412820562 0.12973245595972682 -0.04060726985302293 0.10909793459809243 1186741861.5330057
0.9108660349042441 26.842356645475753 569.1278335565914 -0.7937465779898031 0.8099353176633572 0.6251710752416272 1.3088562981734073 0.07461936232084962 0.02739049064141497 1186741861.5332577
0.8109479792176336 26.760612291134642 465.62646304735466 -0.7907379541503188 0.8053069831318288 0.8847014518534134 2.5828322626554505 0.09455417210955876 0.01014311124934409 1186741861.5331495
0.9368096578765384 26.361404498335492 519.3794104224853 -0.8291088248593922 0.7930142975254681 0.6986591773201583 1.2623494469155905 -0.0002453019186382289 -0.022158355961206373 1186741861.5320954
0.9422492630451661 26.92843327113367 727.412520855988 -0.7910466027164943 0.8207714938002502 0.09735188504524057 0.814703399703416 0.1296688609567317 -0.0026795814295258636 1186741861.5331893
0.9567083405722812 27.43112257832803 426.8694837368293 -0.809390884104278 0.8036382681370069 0.9710616087347272 1.754107606183911 0.22830712884618032 -0.002720699969595135 1186741861.5332325
0.9298175967588933 27.11700945544823 667.6068379965919 -0.8326864702853023 0.7871163613659337 0.25391181262321777 1.0291097024014444 0.19270970291673076 -0.029859344459420897 1186741861.53273
0.8836648655294528 26.69916809889083 576.5666266650446 -0.8154553495212207 0.8035162358354403 0.6428512814528853 2.5257214351440513 0.011892482972749507 0.07194085264139705 1186741861.5327241
0.8751405398835824 26.55421353581218 556.1369557936629 -0.7940681639792344 0.8012301282163107 0.5877313965905108 1.29693741836659 0.02698051844681926 0.012149795114114004 1186741861.5329392
0.837741380733422 26.600627141266166 557.620268600697 -0.8186748041607761 0.803289524236619 0.6255105072715691 2.977075328367131 0.14569098111954923 -0.1290799554909947 1186741861.5325177
0.9644609412686959 26.76778684574371 586.0713136923629 -0.8199119922115317 0.7998097143887462 0.5920380372886088 0.11573981907289785 0.06345855575951374 0.003833915103592182 1186741861.5325208
